goalpost 0.4675858 217 7 264 213
goalpost 0.3118335 34 0 60 39
goalpost 0.30898485 164 15 263 221
goalpost 0.2337496 146 0 211 223
goalpost 0.2297672 1 6 36 129
goalpost 0.22067411 241 18 288 190
goalpost 0.1575717 326 10 341 34
goalpost 0.14555176 5 3 32 67
goalpost 0.123982 99 29 182 249
goalpost 0.12034169 0 0 79 202
goalpost 0.11206634 56 0 81 36
goalpost 0.10825106 28 22 153 195
goalpost 0.10578771 20 10 81 170
goalpost 0.09824846 253 24 280 70
goalpost 0.09807104 24 0 66 90
goalpost 0.097166665 302 13 321 40
goalpost 0.09463839 575 178 600 226
goalpost 0.094271034 613 38 636 206
goalpost 0.092321925 142 0 295 175
goalpost 0.09112826 606 3 640 44
goalpost 0.09021196 319 86 353 173
goalpost 0.089502886 3 32 26 198
goalpost 0.0855198 44 39 98 146
goalpost 0.07904997 73 72 197 325
goalpost 0.07825488 79 10 208 184
goalpost 0.07800936 322 26 340 58
goalpost 0.0779289 138 10 239 313
goalpost 0.07261024 0 177 76 480
goalpost 0.07111226 299 21 320 89
goalpost 0.070645176 123 32 173 202
goalpost 0.06806437 181 0 235 172
goalpost 0.06748073 0 132 163 480
goalpost 0.06409049 224 27 260 78
goalpost 0.06300451 286 47 319 145
goalpost 0.062361196 163 16 201 92
goalpost 0.060697462 165 33 334 260
goalpost 0.058336712 229 3 281 257
goalpost 0.056584906 88 43 141 191
goalpost 0.056517538 0 277 80 480
goalpost 0.05630958 348 86 384 168
goalpost 0.055576965 184 15 229 68
goalpost 0.054746702 106 5 128 36
goalpost 0.0543384 133 7 161 50
goalpost 0.054104105 20 266 171 480
goalpost 0.053012278 476 130 619 451
goalpost 0.052595586 0 0 153 131
goalpost 0.050666165 3 336 38 480
goalpost 0.05000934 51 6 88 83
goalpost 0.049632132 55 128 147 363
goalpost 0.04961144 563 0 629 29
goalpost 0.049439725 0 107 50 399
goalpost 0.048747417 394 7 426 77
goalpost 0.047859367 378 0 454 183
goalpost 0.046990324 359 8 380 25
goalpost 0.046589844 583 0 640 190
goalpost 0.046070438 612 446 636 480
goalpost 0.04572065 378 82 414 166
goalpost 0.04321968 410 2 442 36
goalpost 0.043138336 179 0 290 303
goalpost 0.042859815 3 418 30 480
goalpost 0.042799976 288 464 313 480
goalpost 0.042331606 62 439 96 480
goalpost 0.04200702 393 5 421 43
goalpost 0.039636154 596 213 640 421
goalpost 0.039157514 0 11 76 343
goalpost 0.03914742 269 0 339 263
goalpost 0.037569195 546 0 636 204
goalpost 0.037042823 519 0 615 109
goalpost 0.0356236 290 92 557 480
goalpost 0.035314772 220 103 260 225
goalpost 0.03445652 573 133 640 480
goalpost 0.03396459 92 0 228 133
goalpost 0.03362771 562 53 602 143
goalpost 0.033590015 281 0 363 198
goalpost 0.033321805 105 72 289 300
goalpost 0.033032592 33 102 112 366
goalpost 0.033031773 320 462 346 480
goalpost 0.03253434 243 17 322 218
goalpost 0.032282308 619 0 640 109
goalpost 0.032216124 83 274 225 480
goalpost 0.031834424 300 172 640 480
goalpost 0.03138875 411 20 511 183
goalpost 0.031209933 0 0 124 281
goalpost 0.031201057 383 465 406 480
goalpost 0.030457005 350 461 377 480
goalpost 0.030424938 224 88 449 480
goalpost 0.030222448 522 134 640 474
goalpost 0.029411763 609 40 630 108
goalpost 0.029331617 220 0 348 124
goalpost 0.029009253 295 51 375 249
goalpost 0.028855368 326 44 348 138
goalpost 0.028477684 323 51 420 240
goalpost 0.02647423 95 443 125 480
goalpost 0.02597686 551 51 583 152
goalpost 0.025652446 47 0 170 261
goalpost 0.025555363 538 0 640 175
goalpost 0.025416534 258 302 445 480
goalpost 0.025407637 442 0 477 22
goalpost 0.025271561 417 469 438 480
goalpost 0.025121374 222 52 345 394
