goalpost 0.9650225 190 0 311 271
goalpost 0.07832314 214 0 321 217
goalpost 0.05589977 629 0 640 65
goalpost 0.05462273 164 0 286 233
goalpost 0.041718356 1 0 13 83
goalpost 0.0414569 181 404 251 480
goalpost 0.03634935 0 217 17 389
goalpost 0.035391737 2 18 12 111
goalpost 0.034638017 0 193 22 427
goalpost 0.03445441 202 0 278 268
goalpost 0.034146544 182 0 362 281
goalpost 0.032033704 0 0 19 28
goalpost 0.03193062 0 32 14 102
goalpost 0.031195365 628 0 640 46
goalpost 0.029895127 1 138 14 261
goalpost 0.029810747 0 15 12 80
goalpost 0.029732753 596 430 640 468
goalpost 0.028551657 187 19 269 447
goalpost 0.028221196 626 4 640 134
goalpost 0.02704714 625 49 640 207
goalpost 0.026066253 174 362 247 480
goalpost 0.025591278 124 11 259 237
goalpost 0.025581492 0 160 15 238
goalpost 0.025193311 297 320 329 480
goalpost 0.0251486 250 0 280 20
goalpost 0.024831807 199 16 357 411
goalpost 0.024281336 607 430 640 471
goalpost 0.024217283 242 23 320 410
goalpost 0.024091749 157 0 324 342
goalpost 0.023828812 620 0 640 31
goalpost 0.023763321 626 382 640 476
goalpost 0.023577986 614 63 639 268
goalpost 0.023374107 168 410 233 480
goalpost 0.023188256 0 184 15 324
goalpost 0.023153255 12 0 33 20
goalpost 0.023058351 197 5 291 193
goalpost 0.022406537 359 0 524 262
goalpost 0.022346407 2 0 15 51
goalpost 0.022008477 71 415 137 480
goalpost 0.021852588 277 262 315 353
goalpost 0.021781364 220 29 344 264
goalpost 0.021537123 264 0 293 21
goalpost 0.021258889 227 0 301 271
goalpost 0.021243673 239 50 377 246
goalpost 0.021230701 0 228 19 350
goalpost 0.020656012 218 0 454 239
goalpost 0.02065032 73 223 102 450
goalpost 0.020601194 0 180 16 265
goalpost 0.02046279 612 115 639 316
goalpost 0.020336146 311 323 344 480
goalpost 0.020161964 590 347 640 480
goalpost 0.0201548 584 432 626 466
goalpost 0.019751595 0 327 51 480
goalpost 0.01960579 1 109 14 223
goalpost 0.019517414 161 367 176 471
goalpost 0.01950182 0 0 51 55
goalpost 0.019460933 626 332 640 437
goalpost 0.019427033 243 0 407 315
goalpost 0.019405397 178 422 223 480
goalpost 0.019268326 0 54 15 122
goalpost 0.01917879 0 228 28 407
goalpost 0.019156113 0 136 16 224
goalpost 0.019142853 296 400 365 480
goalpost 0.019132843 0 424 28 472
goalpost 0.019058185 207 33 302 243
goalpost 0.019025676 164 421 204 477
goalpost 0.018852063 0 5 18 42
goalpost 0.018803429 0 31 17 81
goalpost 0.018732226 167 275 251 480
goalpost 0.018708095 620 0 640 42
goalpost 0.01865793 212 412 274 480
goalpost 0.018657032 1 37 14 129
goalpost 0.01845185 619 9 640 245
goalpost 0.018341003 168 60 292 290
goalpost 0.018266207 89 226 127 480
goalpost 0.018217372 79 164 138 480
goalpost 0.017670618 0 54 18 101
goalpost 0.01766815 552 362 636 480
goalpost 0.017644314 57 402 125 480
goalpost 0.01754125 159 0 293 480
goalpost 0.017476676 192 421 241 480
goalpost 0.017306615 27 0 52 16
goalpost 0.01715909 611 0 640 180
goalpost 0.017089441 1 117 31 397
goalpost 0.01708386 234 0 266 20
goalpost 0.017035166 312 411 377 480
goalpost 0.016985454 199 422 263 480
goalpost 0.016864754 0 106 22 148
goalpost 0.016829476 189 0 295 178
goalpost 0.016828088 100 0 335 273
goalpost 0.016822211 255 0 272 59
goalpost 0.016800433 52 171 116 480
goalpost 0.016780209 608 0 633 22
goalpost 0.016601576 279 0 309 23
goalpost 0.016440663 152 408 219 480
goalpost 0.016322134 1 97 15 184
goalpost 0.016146366 0 10 18 57
goalpost 0.016115995 583 439 624 475
goalpost 0.016064141 356 299 395 388
goalpost 0.016038189 9 426 44 472
