goalpost 0.9562688 471 7 562 349
goalpost 0.09872144 629 3 640 53
goalpost 0.06601682 491 41 572 305
goalpost 0.06123791 300 0 327 241
goalpost 0.06023099 0 83 13 138
goalpost 0.05411217 0 95 18 140
goalpost 0.05378477 454 35 536 304
goalpost 0.046131957 484 0 595 480
goalpost 0.04497564 312 0 339 265
goalpost 0.040210083 497 0 557 286
goalpost 0.037077382 620 0 640 29
goalpost 0.036952943 303 18 322 205
goalpost 0.03639135 0 426 47 477
goalpost 0.034872368 1 66 13 146
goalpost 0.033173554 0 99 15 154
goalpost 0.03150092 473 0 535 334
goalpost 0.030846085 621 7 640 40
goalpost 0.030830864 1 88 13 160
goalpost 0.030751498 610 0 632 21
goalpost 0.028726056 316 68 335 263
goalpost 0.028277166 621 18 640 63
goalpost 0.027176928 627 8 640 80
goalpost 0.026285077 474 0 575 273
goalpost 0.026003875 0 0 21 26
goalpost 0.025877208 591 424 640 473
goalpost 0.025808677 0 426 32 476
goalpost 0.025643077 2 46 13 121
goalpost 0.02525939 0 137 14 271
goalpost 0.02508114 0 41 198 454
goalpost 0.024838936 434 16 566 420
goalpost 0.024307743 1 107 13 183
goalpost 0.023932634 595 346 640 480
goalpost 0.023922699 0 54 19 94
goalpost 0.022928275 626 30 640 108
goalpost 0.022690132 6 427 40 480
goalpost 0.022478607 611 8 633 33
goalpost 0.022046432 0 63 14 119
goalpost 0.021841485 6 415 41 468
goalpost 0.021679077 0 120 15 178
goalpost 0.021534285 0 74 18 120
goalpost 0.021126285 182 378 248 477
goalpost 0.020562917 493 0 598 331
goalpost 0.020357072 1 3 14 69
goalpost 0.020152526 0 42 15 87
goalpost 0.02012467 0 47 48 128
goalpost 0.020082535 0 347 26 431
goalpost 0.019903399 585 395 640 480
goalpost 0.019866813 0 63 19 107
goalpost 0.0195826 0 0 162 450
goalpost 0.019575277 621 31 640 91
goalpost 0.019401101 0 115 19 154
goalpost 0.019335965 608 2 627 27
goalpost 0.019259812 1 231 29 472
goalpost 0.019194352 41 52 295 456
goalpost 0.019174533 0 127 20 168
goalpost 0.018878583 301 55 328 283
goalpost 0.018821858 316 0 350 269
goalpost 0.018587667 588 0 616 20
goalpost 0.018191135 2 23 14 90
goalpost 0.018132929 0 145 16 237
goalpost 0.01809053 7 98 28 139
goalpost 0.018013755 607 310 640 480
goalpost 0.017719226 197 387 263 480
goalpost 0.017708499 0 4 20 38
goalpost 0.01767302 626 49 640 150
goalpost 0.017489463 84 0 270 438
goalpost 0.017279016 0 413 25 470
goalpost 0.017180001 168 388 233 480
goalpost 0.017143792 0 269 33 441
goalpost 0.017131062 568 0 601 23
goalpost 0.01702183 610 11 634 46
goalpost 0.017012097 0 128 15 200
goalpost 0.016866036 0 0 17 33
goalpost 0.016768798 0 137 19 187
goalpost 0.016757583 1 160 29 407
goalpost 0.01671745 474 0 640 416
goalpost 0.016647553 27 0 169 103
goalpost 0.016578525 578 424 628 470
goalpost 0.016298577 0 27 16 73
goalpost 0.01618606 218 0 364 108
goalpost 0.01599784 312 0 340 174
goalpost 0.015976332 425 0 455 27
goalpost 0.015928837 0 323 35 479
goalpost 0.015875118 0 367 50 471
goalpost 0.015753336 0 0 112 112
goalpost 0.015720502 488 0 561 226
goalpost 0.015655916 152 380 218 472
goalpost 0.015571372 517 0 584 305
goalpost 0.015244992 441 0 470 24
goalpost 0.015219993 14 76 76 143
goalpost 0.015142699 196 392 235 480
goalpost 0.015021321 0 15 39 125
goalpost 0.01494588 0 166 15 306
goalpost 0.014866547 533 0 570 24
goalpost 0.014849077 1 405 47 450
goalpost 0.014815731 0 12 16 58
goalpost 0.014789348 0 312 47 376
goalpost 0.014746007 0 325 26 407
goalpost 0.014744553 285 0 323 202
goalpost 0.0147166895 19 51 69 133
