goalpost 0.30712697 95 0 125 161
goalpost 0.28010952 175 3 194 112
goalpost 0.2619109 337 0 387 236
goalpost 0.25708842 348 4 371 41
goalpost 0.24492827 360 8 485 271
goalpost 0.24294555 312 3 357 243
goalpost 0.18840122 298 11 383 207
goalpost 0.17900988 619 0 639 83
goalpost 0.1707939 358 0 616 266
goalpost 0.16996172 369 14 420 217
goalpost 0.16829285 107 4 186 343
goalpost 0.14138064 343 0 374 114
goalpost 0.1375314 427 19 551 293
goalpost 0.13570467 333 4 358 55
goalpost 0.13128752 72 12 97 154
goalpost 0.13042273 272 0 347 208
goalpost 0.13031912 175 9 196 64
goalpost 0.12745762 86 65 148 343
goalpost 0.12443665 213 0 356 293
goalpost 0.12305996 331 2 359 131
goalpost 0.117388524 326 2 426 230
goalpost 0.11468906 388 4 412 33
goalpost 0.111811385 90 124 188 457
goalpost 0.1079404 177 0 207 117
goalpost 0.10483947 164 0 298 300
goalpost 0.10449318 534 37 580 184
goalpost 0.101471476 29 1 71 131
goalpost 0.10107653 445 20 594 380
goalpost 0.10097611 216 0 288 214
goalpost 0.09984665 143 18 245 321
goalpost 0.09944668 0 0 29 126
goalpost 0.09847315 181 14 207 63
goalpost 0.09832533 394 0 514 233
goalpost 0.09403231 452 0 474 30
goalpost 0.09360619 0 0 78 195
goalpost 0.09339148 501 12 554 194
goalpost 0.09322286 251 3 291 165
goalpost 0.09221851 403 10 590 198
goalpost 0.088140614 421 1 444 33
goalpost 0.08562838 619 235 639 379
goalpost 0.084471494 169 3 204 196
goalpost 0.08401027 311 0 452 296
goalpost 0.0766586 57 9 136 183
goalpost 0.076485775 406 34 456 232
goalpost 0.071693316 177 5 256 216
goalpost 0.07162383 415 56 523 391
goalpost 0.06999115 284 0 399 273
goalpost 0.06997571 25 3 111 185
goalpost 0.0695613 70 77 95 168
goalpost 0.06934214 155 35 205 332
goalpost 0.06877577 100 16 127 82
goalpost 0.068395436 42 42 66 127
goalpost 0.06795753 274 22 459 236
goalpost 0.06778503 285 9 319 57
goalpost 0.06525589 495 216 552 323
goalpost 0.065132104 98 34 137 242
goalpost 0.06509118 124 0 227 183
goalpost 0.061929885 498 0 617 211
goalpost 0.060960494 97 54 251 423
goalpost 0.06069353 404 155 532 480
goalpost 0.060391326 228 13 256 138
goalpost 0.05772261 177 36 219 303
goalpost 0.05647138 7 181 144 459
goalpost 0.054674737 120 11 154 40
goalpost 0.054259386 283 7 320 129
goalpost 0.053860337 378 156 410 242
goalpost 0.05332863 102 0 155 289
goalpost 0.053235568 566 57 603 182
goalpost 0.052564736 415 156 449 258
goalpost 0.05157183 517 0 640 156
goalpost 0.050905723 319 140 349 238
goalpost 0.049266096 481 3 510 30
goalpost 0.049055908 474 215 519 322
goalpost 0.04713478 449 189 487 284
goalpost 0.04645441 0 0 132 131
goalpost 0.044539988 4 53 19 141
goalpost 0.044013057 118 52 168 286
goalpost 0.043942753 545 2 583 33
goalpost 0.04213243 321 175 351 257
goalpost 0.041776173 224 0 336 155
goalpost 0.041504987 353 0 469 138
goalpost 0.040755205 535 6 591 100
goalpost 0.040621776 573 228 602 338
goalpost 0.04060354 469 23 518 213
goalpost 0.04002947 389 81 468 387
goalpost 0.039813306 127 70 191 414
goalpost 0.038781587 568 7 602 43
goalpost 0.038717665 201 0 269 315
goalpost 0.038668126 440 23 483 255
goalpost 0.03866405 187 0 277 162
goalpost 0.038574718 0 11 25 83
goalpost 0.038252164 512 1 544 37
goalpost 0.03807625 598 0 640 271
goalpost 0.037205666 102 0 199 144
goalpost 0.034889646 465 107 571 435
goalpost 0.034888096 64 14 104 59
goalpost 0.03441424 381 0 426 132
goalpost 0.034360748 442 0 483 109
goalpost 0.034187935 0 319 63 480
goalpost 0.033603206 105 125 142 314
