goalpost 0.5985989 223 1 255 198
goalpost 0.38024426 349 51 366 122
goalpost 0.327638 353 50 371 152
goalpost 0.25852054 293 41 314 153
goalpost 0.2579973 148 11 174 176
goalpost 0.19361813 144 30 167 132
goalpost 0.13902177 71 7 105 177
goalpost 0.12987173 0 335 17 408
goalpost 0.12916513 162 0 232 265
goalpost 0.12767114 0 28 16 199
goalpost 0.12372726 0 0 86 206
goalpost 0.114266485 224 303 248 356
goalpost 0.10680188 232 21 260 93
goalpost 0.09816809 113 0 171 247
goalpost 0.09699697 215 0 279 221
goalpost 0.09377343 0 315 17 364
goalpost 0.092463024 197 11 254 264
goalpost 0.09226914 32 7 103 193
goalpost 0.0913168 329 55 353 168
goalpost 0.08859508 391 66 410 147
goalpost 0.08639841 268 17 330 245
goalpost 0.08581793 293 259 315 336
goalpost 0.08569642 130 0 193 181
goalpost 0.08519352 238 7 303 236
goalpost 0.08455519 535 288 567 369
goalpost 0.0803722 32 331 67 399
goalpost 0.07096233 255 303 279 352
goalpost 0.06744978 338 49 356 132
goalpost 0.06739746 0 281 11 330
goalpost 0.06583478 294 302 311 346
goalpost 0.06338095 196 260 222 334
goalpost 0.062012248 361 0 476 183
goalpost 0.059742764 325 318 340 348
goalpost 0.058049146 249 250 279 293
goalpost 0.05628673 196 296 222 355
goalpost 0.056231085 256 262 283 339
goalpost 0.055063665 421 70 435 141
goalpost 0.05498676 327 7 378 296
goalpost 0.054670528 394 69 410 117
goalpost 0.054393042 236 14 279 158
goalpost 0.0534111 226 335 249 373
goalpost 0.053004026 290 0 378 182
goalpost 0.049584486 0 19 24 84
goalpost 0.048878856 225 260 251 342
goalpost 0.048678894 341 0 416 264
goalpost 0.048392747 407 16 483 210
goalpost 0.04773013 0 417 26 480
goalpost 0.04725421 92 339 124 383
goalpost 0.04697966 33 320 66 366
goalpost 0.044429064 161 299 187 355
goalpost 0.044356123 137 0 257 164
goalpost 0.04398678 233 248 260 306
goalpost 0.043560144 243 23 273 67
goalpost 0.04342908 237 0 334 156
goalpost 0.0433951 359 273 376 320
goalpost 0.043242913 97 24 158 217
goalpost 0.041785486 58 317 92 365
goalpost 0.041631326 500 18 584 208
goalpost 0.040878095 256 335 282 385
goalpost 0.03950999 435 3 483 27
goalpost 0.039336585 603 0 640 189
goalpost 0.039328683 56 334 92 394
goalpost 0.038307857 614 298 632 335
goalpost 0.03806087 0 118 12 214
goalpost 0.037725754 358 17 427 215
goalpost 0.03732993 467 23 546 214
goalpost 0.037089016 431 25 514 229
goalpost 0.03680987 207 6 230 43
goalpost 0.03632407 291 335 311 387
goalpost 0.035829592 322 344 343 383
goalpost 0.035594985 53 57 121 325
goalpost 0.03553142 68 0 128 235
goalpost 0.035098728 526 11 609 197
goalpost 0.035068884 356 269 378 302
goalpost 0.035026386 0 209 12 271
goalpost 0.034970906 135 25 184 306
goalpost 0.034957185 324 280 344 329
goalpost 0.034568653 14 0 140 137
goalpost 0.03450187 165 0 203 320
goalpost 0.03364583 63 27 104 75
goalpost 0.033251714 192 331 220 370
goalpost 0.033111174 153 25 179 72
goalpost 0.032598082 149 8 214 354
goalpost 0.0324518 601 5 640 48
goalpost 0.031738665 537 312 564 400
goalpost 0.031570245 159 266 190 338
goalpost 0.030562289 551 0 640 199
goalpost 0.030562121 296 14 353 320
goalpost 0.029624932 0 0 59 274
goalpost 0.029494103 160 331 186 379
goalpost 0.0294246 206 6 235 127
goalpost 0.028428664 381 11 446 284
goalpost 0.027770437 567 1 629 34
goalpost 0.02761521 181 38 243 321
goalpost 0.02734746 625 369 640 455
goalpost 0.027303478 497 3 560 30
goalpost 0.02729115 176 0 296 159
goalpost 0.026557244 140 20 165 58
goalpost 0.026479838 583 11 640 126
