goalpost 0.5266988 191 75 216 450
goalpost 0.4840938 191 70 217 269
goalpost 0.41907337 394 17 472 244
goalpost 0.40549532 367 0 449 276
goalpost 0.32422674 336 13 362 91
goalpost 0.28742024 369 0 481 415
goalpost 0.27371022 403 0 453 359
goalpost 0.26026538 86 37 128 370
goalpost 0.21133381 60 46 98 290
goalpost 0.2108551 3 41 26 230
goalpost 0.20612167 125 61 149 234
goalpost 0.19707327 117 48 182 288
goalpost 0.19695646 171 57 201 230
goalpost 0.18990947 380 0 427 334
goalpost 0.1880549 147 67 191 443
goalpost 0.1823157 40 27 109 340
goalpost 0.1798099 346 0 384 231
goalpost 0.17965499 100 48 162 328
goalpost 0.17400667 167 67 208 370
goalpost 0.17336792 84 65 152 430
goalpost 0.17103286 338 0 407 268
goalpost 0.17042682 371 54 443 473
goalpost 0.15118611 95 70 126 265
goalpost 0.14408314 435 0 478 308
goalpost 0.1426179 348 11 377 137
goalpost 0.1407164 147 14 200 283
goalpost 0.13864483 479 4 519 94
goalpost 0.138292 476 36 525 200
goalpost 0.12582214 482 200 515 334
goalpost 0.11673384 29 23 72 244
goalpost 0.11191653 4 2 25 92
goalpost 0.110237695 55 19 138 422
goalpost 0.108804666 5 0 26 52
goalpost 0.10811769 624 230 640 400
goalpost 0.103348665 355 2 384 70
goalpost 0.09623173 250 141 342 480
goalpost 0.09239356 607 397 635 480
goalpost 0.091803744 328 86 465 480
goalpost 0.08997474 281 125 384 480
goalpost 0.089745834 377 0 564 179
goalpost 0.0879847 616 162 636 220
goalpost 0.08590582 386 0 427 185
goalpost 0.084383145 442 11 478 44
goalpost 0.08275415 336 0 359 46
goalpost 0.07888287 295 43 313 102
goalpost 0.07635781 26 79 85 421
goalpost 0.07609528 482 0 514 25
goalpost 0.07478111 349 28 417 457
goalpost 0.07443471 250 46 301 320
goalpost 0.07326277 485 131 515 264
goalpost 0.07271656 337 62 359 193
goalpost 0.07252627 435 6 481 154
goalpost 0.071717426 335 27 363 154
goalpost 0.07085038 64 65 90 206
goalpost 0.06733575 273 30 329 272
goalpost 0.065300755 502 30 545 186
goalpost 0.064384066 385 12 421 73
goalpost 0.063975506 298 25 316 83
goalpost 0.061527207 412 21 449 66
goalpost 0.06139626 301 57 316 123
goalpost 0.061228517 433 0 588 138
goalpost 0.059030842 285 0 455 203
goalpost 0.0569201 183 51 232 305
goalpost 0.056540694 448 199 479 361
goalpost 0.05628793 0 0 68 206
goalpost 0.054767724 60 29 174 248
goalpost 0.052291367 512 204 534 317
goalpost 0.05178774 572 391 611 480
goalpost 0.05090524 5 113 22 280
goalpost 0.05024027 329 19 384 308
goalpost 0.04902674 215 68 267 255
goalpost 0.04777194 614 0 640 18
goalpost 0.047764923 218 84 244 203
goalpost 0.04771691 605 324 632 445
goalpost 0.04735132 294 7 316 25
goalpost 0.04576184 272 63 286 105
goalpost 0.04510332 432 21 532 238
goalpost 0.04428055 30 55 64 154
goalpost 0.042724565 35 0 116 202
goalpost 0.042691365 297 32 357 241
goalpost 0.03978123 264 73 279 152
goalpost 0.038737964 336 228 480 480
goalpost 0.038513504 0 22 121 247
goalpost 0.038019106 386 134 468 480
goalpost 0.037871484 185 74 209 222
goalpost 0.03752955 196 11 227 31
goalpost 0.037365187 100 4 128 27
goalpost 0.037240032 0 242 66 480
goalpost 0.036883626 393 14 513 331
goalpost 0.03667415 358 58 388 276
goalpost 0.036556233 618 277 640 416
goalpost 0.03615697 109 126 179 480
goalpost 0.03472522 506 4 539 33
goalpost 0.03356803 151 306 279 480
goalpost 0.033495966 294 276 427 480
goalpost 0.032911763 239 53 283 370
goalpost 0.032730408 217 117 247 277
goalpost 0.032725833 25 4 59 31
goalpost 0.032496974 548 0 580 16
goalpost 0.031464748 372 0 491 137
