goalpost 0.31111765 426 30 488 238
goalpost 0.29098395 8 27 37 189
goalpost 0.2861836 404 24 464 274
goalpost 0.23312527 65 290 85 364
goalpost 0.21881993 100 1 120 48
goalpost 0.21334197 401 121 457 255
goalpost 0.21250944 616 63 640 172
goalpost 0.17454751 292 3 311 42
goalpost 0.1737883 318 39 356 213
goalpost 0.16631189 398 0 522 221
goalpost 0.16507657 80 0 100 51
goalpost 0.15791447 376 0 474 240
goalpost 0.1515917 398 83 498 279
goalpost 0.15069152 0 306 29 462
goalpost 0.14763783 378 69 442 266
goalpost 0.14723821 520 0 546 29
goalpost 0.13936065 5 6 25 56
goalpost 0.12983344 548 2 568 22
goalpost 0.12908979 193 6 215 79
goalpost 0.12865156 11 33 59 173
goalpost 0.12223238 76 17 95 61
goalpost 0.11521985 616 6 636 26
goalpost 0.10674445 188 22 224 155
goalpost 0.10353737 185 309 235 414
goalpost 0.10133326 453 0 535 216
goalpost 0.09945644 124 1 143 47
goalpost 0.0992094 574 0 596 12
goalpost 0.09771113 470 16 511 164
goalpost 0.09753926 340 55 395 245
goalpost 0.09726458 293 43 331 178
goalpost 0.094828136 0 0 67 260
goalpost 0.090706594 196 2 217 54
goalpost 0.08982207 428 119 480 252
goalpost 0.087230526 307 61 340 191
goalpost 0.08701105 3 257 23 383
goalpost 0.07939936 414 0 443 30
goalpost 0.07544205 4 21 26 147
goalpost 0.07453078 1 389 30 480
goalpost 0.07426451 174 6 195 50
goalpost 0.073462844 271 6 290 39
goalpost 0.06958197 222 26 253 155
goalpost 0.06881584 47 0 116 236
goalpost 0.068811014 289 88 362 348
goalpost 0.06753849 330 110 435 332
goalpost 0.066886805 394 0 422 32
goalpost 0.06592382 513 0 548 94
goalpost 0.06565898 351 38 472 342
goalpost 0.06558837 305 26 409 224
goalpost 0.06500157 205 321 255 407
goalpost 0.06418389 256 24 290 152
goalpost 0.06339962 226 4 245 48
goalpost 0.062690206 56 39 98 174
goalpost 0.06134544 466 0 520 110
goalpost 0.061295282 238 0 305 271
goalpost 0.059835766 27 24 140 216
goalpost 0.056487504 169 1 194 164
goalpost 0.05631346 247 35 344 346
goalpost 0.055148207 227 7 247 79
goalpost 0.054639354 435 0 621 145
goalpost 0.05168253 92 0 164 232
goalpost 0.050624203 543 89 565 120
goalpost 0.050457176 70 0 146 212
goalpost 0.04858049 0 210 60 480
goalpost 0.047971148 31 0 62 41
goalpost 0.047548708 8 87 35 258
goalpost 0.04700425 433 0 504 123
goalpost 0.04674288 506 0 586 224
goalpost 0.043941874 318 3 386 305
goalpost 0.04320998 174 0 241 259
goalpost 0.04320668 89 0 220 124
goalpost 0.04149041 477 2 511 36
goalpost 0.04098363 292 22 314 87
goalpost 0.040733974 209 329 249 366
goalpost 0.039863527 619 128 640 179
goalpost 0.039350398 517 67 544 130
goalpost 0.039221305 0 349 72 480
goalpost 0.03905463 270 1 353 180
goalpost 0.038740348 249 0 331 217
goalpost 0.038203586 92 33 123 185
goalpost 0.038084578 287 145 331 324
goalpost 0.037925027 541 11 563 85
goalpost 0.03767335 323 7 345 35
goalpost 0.037500676 480 18 554 288
goalpost 0.036839243 616 447 637 480
goalpost 0.036496263 512 83 542 203
goalpost 0.036287088 615 22 639 128
goalpost 0.035449855 414 21 457 132
goalpost 0.035417546 194 16 268 191
goalpost 0.034969855 0 0 34 334
goalpost 0.034694478 347 6 418 203
goalpost 0.03451767 98 18 117 61
goalpost 0.03393357 100 258 163 480
goalpost 0.033820808 33 232 107 480
goalpost 0.03376052 191 381 229 480
goalpost 0.032448415 582 2 640 362
goalpost 0.031384867 444 0 490 28
goalpost 0.031363375 551 93 571 196
goalpost 0.030603968 217 382 259 480
goalpost 0.030530173 112 0 198 215
goalpost 0.029906305 206 0 305 158
