goalpost 0.7053876 165 0 219 310
goalpost 0.20211396 176 3 234 317
goalpost 0.19943647 166 0 202 280
goalpost 0.06334695 153 0 209 282
goalpost 0.043902393 175 1 211 268
goalpost 0.042415097 627 0 639 83
goalpost 0.041779827 628 116 639 184
goalpost 0.041316878 156 0 200 214
goalpost 0.03592417 171 0 230 255
goalpost 0.03515835 478 165 496 256
goalpost 0.034017112 628 103 639 168
goalpost 0.030800082 627 147 640 225
goalpost 0.030188842 456 404 517 480
goalpost 0.02982604 628 133 640 207
goalpost 0.027234195 0 245 14 298
goalpost 0.02656752 0 221 13 276
goalpost 0.026292711 447 390 499 480
goalpost 0.026110558 0 259 15 307
goalpost 0.025985511 469 395 503 480
goalpost 0.02576175 2 221 13 298
goalpost 0.02574347 0 0 219 450
goalpost 0.025705637 626 0 640 55
goalpost 0.025198102 606 78 629 135
goalpost 0.025088564 0 5 21 229
goalpost 0.024456566 183 13 256 437
goalpost 0.024255367 626 358 640 476
goalpost 0.024190888 163 8 270 320
goalpost 0.023227137 2 274 14 344
goalpost 0.02309291 0 204 17 244
goalpost 0.023011016 231 403 298 480
goalpost 0.02298206 623 49 639 135
goalpost 0.02266291 2 198 13 275
goalpost 0.022368493 539 0 568 18
goalpost 0.022125997 1 249 13 315
goalpost 0.021786993 0 214 17 257
goalpost 0.021376733 625 8 639 124
goalpost 0.021056496 0 195 17 231
goalpost 0.020911066 621 147 640 197
goalpost 0.020886917 481 175 496 280
goalpost 0.020826835 281 0 309 255
goalpost 0.020806268 0 0 119 480
goalpost 0.020611808 180 49 214 332
goalpost 0.020339169 0 0 164 480
goalpost 0.020122336 0 12 27 174
goalpost 0.019829467 0 0 26 27
goalpost 0.019828968 616 75 640 134
goalpost 0.019783994 473 334 502 480
goalpost 0.019505195 479 124 495 243
goalpost 0.019489275 248 413 311 480
goalpost 0.019481162 0 277 19 314
goalpost 0.019470384 618 101 640 151
goalpost 0.019461678 3 179 13 248
goalpost 0.019353582 125 4 223 321
goalpost 0.019340951 524 0 554 23
goalpost 0.01933074 415 26 556 205
goalpost 0.019140162 0 274 15 321
goalpost 0.018965939 430 0 548 134
goalpost 0.018644743 0 229 103 480
goalpost 0.018492434 624 74 639 150
goalpost 0.018113239 544 0 559 54
goalpost 0.018109962 0 78 16 207
goalpost 0.01808498 0 237 17 281
goalpost 0.018008845 0 361 64 480
goalpost 0.017931933 0 17 18 179
goalpost 0.01784242 476 36 600 197
goalpost 0.017822126 627 165 640 260
goalpost 0.017530479 178 67 236 425
goalpost 0.017526349 476 352 498 480
goalpost 0.017502708 619 41 640 120
goalpost 0.017181678 491 0 601 126
goalpost 0.017171366 0 288 19 328
goalpost 0.017114876 180 0 255 285
goalpost 0.016890895 7 0 40 25
goalpost 0.01687449 0 360 92 480
goalpost 0.016769962 619 0 640 37
goalpost 0.016724858 149 10 192 183
goalpost 0.01654994 1 280 14 384
goalpost 0.016540436 411 0 565 164
goalpost 0.016522754 607 98 629 149
goalpost 0.01632288 626 329 640 434
goalpost 0.01617038 0 183 17 219
goalpost 0.016115995 582 48 637 383
goalpost 0.015939716 577 0 639 249
goalpost 0.01592052 133 0 169 29
goalpost 0.015779067 242 352 287 480
goalpost 0.01574004 118 0 153 27
goalpost 0.015680656 591 375 608 480
goalpost 0.015665032 470 0 610 162
goalpost 0.015575888 559 0 575 50
goalpost 0.015573462 431 163 449 294
goalpost 0.015507719 0 285 15 337
goalpost 0.015487062 151 415 218 480
goalpost 0.015437868 0 297 20 343
goalpost 0.015427558 547 0 640 179
goalpost 0.015409504 425 401 492 480
goalpost 0.015319267 2 127 15 218
goalpost 0.015223411 473 178 499 241
goalpost 0.015154124 621 9 640 101
goalpost 0.015130394 0 97 19 191
goalpost 0.015106105 217 412 282 480
