goalpost 0.96403563 380 0 499 383
goalpost 0.19916014 393 0 562 394
goalpost 0.10532264 411 0 508 314
goalpost 0.08758908 448 0 627 356
goalpost 0.065336324 628 0 640 51
goalpost 0.042528007 621 0 640 26
goalpost 0.042171992 239 37 257 235
goalpost 0.03915451 312 24 490 365
goalpost 0.038692888 392 60 480 406
goalpost 0.03759762 240 4 257 172
goalpost 0.03623776 383 0 528 480
goalpost 0.036036935 360 0 485 480
goalpost 0.035894256 236 8 261 256
goalpost 0.03413287 611 0 633 18
goalpost 0.033961076 626 381 640 472
goalpost 0.027561732 357 0 517 333
goalpost 0.0273749 240 95 256 264
goalpost 0.027256923 621 2 640 36
goalpost 0.025700856 434 0 496 268
goalpost 0.02469862 248 4 274 259
goalpost 0.023157632 377 0 454 383
goalpost 0.023064243 76 179 98 247
goalpost 0.022442868 398 20 527 464
goalpost 0.022307802 618 414 640 480
goalpost 0.020876441 625 16 640 92
goalpost 0.020855175 620 11 640 63
goalpost 0.020834018 346 61 459 349
goalpost 0.020619998 407 0 475 376
goalpost 0.019853652 240 0 256 101
goalpost 0.019792678 294 399 331 480
goalpost 0.019444924 0 124 72 469
goalpost 0.019189263 625 393 640 480
goalpost 0.019007396 249 0 274 185
goalpost 0.018783635 489 372 517 476
goalpost 0.018433891 2 60 62 480
goalpost 0.018247386 236 0 262 188
goalpost 0.018134603 419 0 540 480
goalpost 0.017862588 137 172 163 245
goalpost 0.017537411 278 398 315 480
goalpost 0.017360177 425 0 548 274
goalpost 0.017273461 612 4 635 30
goalpost 0.017125057 592 0 618 17
goalpost 0.017011724 81 161 95 272
goalpost 0.016936876 239 2 259 116
goalpost 0.016627247 315 0 634 463
goalpost 0.0165557 567 393 600 480
goalpost 0.016169628 380 0 502 222
goalpost 0.016002597 392 163 472 384
goalpost 0.015972743 121 179 153 238
goalpost 0.015960956 0 187 90 422
goalpost 0.015622479 597 354 640 480
goalpost 0.015577298 619 7 640 47
goalpost 0.015494937 309 398 347 480
goalpost 0.015459619 0 73 16 220
goalpost 0.015328074 609 6 636 46
goalpost 0.015299702 626 347 640 439
goalpost 0.0152906 88 177 113 249
goalpost 0.01526186 235 96 261 298
goalpost 0.01504655 377 98 407 293
goalpost 0.014985052 474 383 502 480
goalpost 0.014981612 295 0 470 401
goalpost 0.0149732325 625 35 640 133
goalpost 0.0148175815 610 292 640 480
goalpost 0.014758988 624 78 640 196
goalpost 0.01464481 599 95 640 212
goalpost 0.014435928 418 0 515 195
goalpost 0.014397966 612 52 640 241
goalpost 0.014349387 152 179 182 237
goalpost 0.014260979 0 0 340 480
goalpost 0.014230537 361 0 390 28
goalpost 0.014177356 311 0 608 480
goalpost 0.014132702 390 395 425 480
goalpost 0.014112174 80 143 96 244
goalpost 0.014108393 381 128 402 258
goalpost 0.013848037 461 0 523 255
goalpost 0.013782435 235 0 260 75
goalpost 0.013653361 625 317 640 424
goalpost 0.013637516 0 0 67 387
goalpost 0.013436773 357 151 476 415
goalpost 0.01343427 169 257 197 469
goalpost 0.013421978 168 180 199 239
goalpost 0.013394273 620 28 640 86
goalpost 0.013347354 78 191 100 278
goalpost 0.013296784 125 166 148 253
goalpost 0.013238959 493 334 513 477
goalpost 0.013235171 568 352 619 480
goalpost 0.013136951 346 0 580 480
goalpost 0.013081628 602 412 632 480
goalpost 0.013031347 481 364 525 480
goalpost 0.012950263 344 0 375 31
goalpost 0.012910833 362 98 391 292
goalpost 0.012906981 377 0 406 26
goalpost 0.012822089 398 88 418 218
goalpost 0.0127997715 88 194 113 267
goalpost 0.012792826 0 0 25 30
goalpost 0.012728987 170 323 198 433
goalpost 0.012681309 0 203 83 480
goalpost 0.012680957 346 95 375 294
goalpost 0.012642539 0 41 205 441
goalpost 0.012610851 356 0 640 480
