goalpost 0.6531969 529 0 599 182
goalpost 0.37106493 222 0 245 40
goalpost 0.3196811 17 125 58 214
goalpost 0.30000705 509 9 637 200
goalpost 0.22989714 224 0 255 79
goalpost 0.22569159 259 0 280 46
goalpost 0.22077844 290 0 305 47
goalpost 0.18910883 0 6 15 49
goalpost 0.17538413 100 150 132 274
goalpost 0.16446759 119 149 157 270
goalpost 0.15591334 549 9 621 148
goalpost 0.14464869 72 29 91 74
goalpost 0.14289075 463 1 586 231
goalpost 0.13262326 216 0 275 158
goalpost 0.1255439 43 11 64 33
goalpost 0.12532885 209 0 231 33
goalpost 0.11692942 603 17 639 58
goalpost 0.110669084 547 213 565 317
goalpost 0.10795897 171 0 279 222
goalpost 0.10697993 505 3 572 147
goalpost 0.104416266 467 1 527 115
goalpost 0.099193625 149 160 181 283
goalpost 0.09730489 597 6 640 125
goalpost 0.09314372 564 0 640 186
goalpost 0.08907521 225 28 260 111
goalpost 0.08758163 222 332 234 347
goalpost 0.08328481 478 8 519 77
goalpost 0.08291872 567 18 616 53
goalpost 0.08224999 440 2 495 99
goalpost 0.08175988 549 0 640 238
goalpost 0.08116563 462 0 635 148
goalpost 0.08032583 604 0 640 212
goalpost 0.07781603 129 118 163 228
goalpost 0.075657986 424 3 452 52
goalpost 0.07560017 60 131 101 243
goalpost 0.07153303 147 93 197 192
goalpost 0.07055384 520 0 640 134
goalpost 0.06931899 253 0 282 72
goalpost 0.06920238 39 133 160 337
goalpost 0.06380304 174 325 188 344
goalpost 0.06287902 416 0 526 226
goalpost 0.06284069 237 10 288 145
goalpost 0.062328335 198 330 213 344
goalpost 0.061405618 195 334 214 390
goalpost 0.05995789 74 38 95 102
goalpost 0.059890777 419 3 464 89
goalpost 0.05940317 0 81 135 281
goalpost 0.05893219 138 3 155 35
goalpost 0.05868345 50 27 70 51
goalpost 0.05687105 175 331 192 393
goalpost 0.056842398 66 13 86 41
goalpost 0.054099932 0 54 57 355
goalpost 0.053716652 300 323 313 350
goalpost 0.05220479 539 13 585 62
goalpost 0.052110206 514 6 551 70
goalpost 0.05187514 3 124 39 225
goalpost 0.048724324 221 0 313 205
goalpost 0.04821941 86 73 188 276
goalpost 0.04818399 273 331 284 353
goalpost 0.04703572 483 7 630 321
goalpost 0.046821658 130 119 217 305
goalpost 0.045944937 0 35 104 365
goalpost 0.04577614 367 0 385 42
goalpost 0.04529583 54 36 141 305
goalpost 0.04463561 476 226 499 337
goalpost 0.044531275 497 57 586 287
goalpost 0.041518178 95 0 176 199
goalpost 0.040307675 383 8 409 48
goalpost 0.038267225 527 213 548 325
goalpost 0.037204817 610 28 640 326
goalpost 0.03694334 446 1 484 57
goalpost 0.036433253 620 201 640 339
goalpost 0.036151312 322 0 336 45
goalpost 0.03612811 238 102 290 215
goalpost 0.035951555 630 39 640 242
goalpost 0.035921402 0 410 27 480
goalpost 0.035896987 470 50 538 188
goalpost 0.03449766 39 0 132 173
goalpost 0.034024257 177 0 362 129
goalpost 0.033087872 71 70 100 150
goalpost 0.032561388 222 342 237 388
goalpost 0.0315412 171 295 185 332
goalpost 0.030570326 93 114 135 223
goalpost 0.029882424 145 142 191 239
goalpost 0.02946718 15 230 99 457
goalpost 0.029389255 103 10 121 29
goalpost 0.029249432 302 274 313 326
goalpost 0.02816246 218 108 265 233
goalpost 0.028055422 602 48 640 205
goalpost 0.027431544 60 316 98 396
goalpost 0.027379144 161 0 185 38
goalpost 0.02704827 186 119 229 231
goalpost 0.026934572 259 0 339 147
goalpost 0.026891857 4 182 27 291
goalpost 0.026542012 0 0 66 186
goalpost 0.026270587 197 94 273 303
goalpost 0.026063802 0 319 59 480
goalpost 0.025789442 462 65 531 321
goalpost 0.025400918 130 35 228 185
goalpost 0.025386738 28 155 63 260
