goalpost 0.13729861 285 88 535 467
goalpost 0.097964965 430 0 457 23
goalpost 0.09285951 327 120 496 480
goalpost 0.06496138 330 123 361 203
goalpost 0.058281403 2 33 12 138
goalpost 0.053745683 629 0 640 56
goalpost 0.05118679 436 0 465 22
goalpost 0.047791373 628 47 639 161
goalpost 0.043948542 2 83 12 171
goalpost 0.042417057 0 48 13 124
goalpost 0.037981253 1 112 12 199
goalpost 0.037547294 338 0 567 409
goalpost 0.0368288 628 70 640 203
goalpost 0.036722325 1 9 13 115
goalpost 0.035889603 628 27 639 109
goalpost 0.034896683 342 117 376 201
goalpost 0.033243246 0 76 13 142
goalpost 0.033239417 620 0 640 32
goalpost 0.032469362 0 109 11 169
goalpost 0.032122865 418 0 444 20
goalpost 0.031852134 246 138 481 480
goalpost 0.031560972 0 63 11 127
goalpost 0.03082023 1 0 14 83
goalpost 0.029754918 351 0 548 330
goalpost 0.029675739 621 3 640 43
goalpost 0.029467897 0 35 13 108
goalpost 0.028256787 1 126 13 233
goalpost 0.027792478 239 44 489 435
goalpost 0.027496453 264 417 297 480
goalpost 0.027369902 541 5 640 335
goalpost 0.02521195 628 14 640 84
goalpost 0.025202587 362 107 386 193
goalpost 0.025108084 431 0 449 50
goalpost 0.024970572 0 116 15 161
goalpost 0.024878467 374 0 522 480
goalpost 0.024601504 379 43 580 318
goalpost 0.024287554 357 109 389 167
goalpost 0.024269124 0 125 14 193
goalpost 0.024010697 339 106 584 480
goalpost 0.023973273 0 6 16 68
goalpost 0.023756208 0 2 20 47
goalpost 0.023415877 587 0 613 20
goalpost 0.02336118 0 132 230 480
goalpost 0.022819482 613 0 640 172
goalpost 0.022763547 57 112 87 155
goalpost 0.022741854 345 107 381 172
goalpost 0.022699697 607 0 627 26
goalpost 0.022603 0 0 22 35
goalpost 0.022561591 74 114 102 158
goalpost 0.022554785 0 422 28 471
goalpost 0.022114772 334 113 355 235
goalpost 0.022031134 380 47 640 444
goalpost 0.02196167 364 84 389 152
goalpost 0.021892201 434 1 466 31
goalpost 0.021851527 451 0 482 20
goalpost 0.021144122 519 304 584 406
goalpost 0.021082662 626 101 640 228
goalpost 0.020444695 490 0 519 16
goalpost 0.02044135 568 0 602 16
goalpost 0.020013386 394 107 422 313
goalpost 0.019852469 0 314 49 480
goalpost 0.019837301 0 95 15 138
goalpost 0.01973545 505 0 534 15
goalpost 0.019709306 0 0 15 59
goalpost 0.01957746 299 171 536 480
goalpost 0.019430373 618 185 640 428
goalpost 0.01892602 0 142 14 281
goalpost 0.018880676 0 84 14 128
goalpost 0.018788738 574 0 640 480
goalpost 0.018784087 340 14 500 367
goalpost 0.018767959 0 71 15 118
goalpost 0.018394137 330 102 358 268
goalpost 0.018311093 553 0 585 15
goalpost 0.018218094 0 281 51 421
goalpost 0.017733552 532 314 600 420
goalpost 0.017714648 0 0 17 45
goalpost 0.017613858 363 61 391 127
goalpost 0.017566906 520 0 550 15
goalpost 0.017424403 373 69 406 122
goalpost 0.017202528 395 88 550 439
goalpost 0.017137367 454 0 640 344
goalpost 0.017081674 345 63 552 480
goalpost 0.017056555 0 190 182 480
goalpost 0.01697622 435 7 467 42
goalpost 0.01686848 349 105 369 225
goalpost 0.016769797 623 216 640 381
goalpost 0.016756414 69 126 106 169
goalpost 0.016681543 620 15 640 61
goalpost 0.016666947 0 143 16 224
goalpost 0.01664419 74 131 103 184
goalpost 0.01655233 287 0 305 89
goalpost 0.016508624 0 57 16 108
goalpost 0.016446859 557 43 640 455
goalpost 0.016391505 160 351 176 469
goalpost 0.016333668 445 0 463 46
goalpost 0.01630231 472 10 618 324
goalpost 0.016248358 0 250 43 464
goalpost 0.01623491 472 0 502 17
goalpost 0.016200926 397 135 418 290
goalpost 0.01618716 413 119 433 279
