goalpost 0.30778006 423 9 462 108
goalpost 0.23437238 18 3 127 216
goalpost 0.21763356 493 18 619 294
goalpost 0.20775256 606 1 629 26
goalpost 0.19961305 235 0 256 15
goalpost 0.16188276 157 147 206 282
goalpost 0.15861976 429 62 609 335
goalpost 0.1576302 0 0 70 247
goalpost 0.15714842 164 2 186 36
goalpost 0.15547106 0 25 21 261
goalpost 0.14978358 35 227 65 298
goalpost 0.14360061 0 177 14 246
goalpost 0.14288509 507 166 551 305
goalpost 0.13930708 264 261 286 339
goalpost 0.13629685 246 1 274 14
goalpost 0.12666327 396 0 514 308
goalpost 0.121224605 0 116 14 240
goalpost 0.11883936 563 47 614 264
goalpost 0.11793993 426 5 454 35
goalpost 0.10623793 441 5 468 42
goalpost 0.1055667 53 29 93 198
goalpost 0.104042456 108 0 187 215
goalpost 0.10398754 434 74 490 265
goalpost 0.10343657 174 190 222 321
goalpost 0.09372018 144 0 223 222
goalpost 0.09341888 201 5 222 27
goalpost 0.09306202 612 62 640 183
goalpost 0.09272584 23 28 69 210
goalpost 0.08892231 409 0 505 176
goalpost 0.08765833 430 7 478 169
goalpost 0.08405338 612 5 637 74
goalpost 0.08344026 132 5 164 47
goalpost 0.08181867 584 0 612 15
goalpost 0.08127091 0 232 15 322
goalpost 0.080974154 483 46 594 448
goalpost 0.07929619 0 18 32 87
goalpost 0.0787155 525 77 594 255
goalpost 0.078076504 431 3 569 154
goalpost 0.07660919 354 14 380 41
goalpost 0.07340981 161 36 204 199
goalpost 0.07002199 392 14 487 239
goalpost 0.06957355 414 91 462 231
goalpost 0.06938572 0 218 13 259
goalpost 0.06903713 472 98 640 350
goalpost 0.06752221 0 264 12 339
goalpost 0.06745579 126 180 262 470
goalpost 0.06706789 477 152 523 281
goalpost 0.066519305 65 9 138 251
goalpost 0.066261105 584 24 640 311
goalpost 0.06493011 25 12 64 59
goalpost 0.063101344 0 12 38 184
goalpost 0.06299154 79 0 173 322
goalpost 0.05981989 409 71 540 367
goalpost 0.058975086 182 25 226 170
goalpost 0.058607996 128 4 157 114
goalpost 0.05779264 348 28 432 261
goalpost 0.055289026 617 56 638 105
goalpost 0.05478864 557 1 578 19
goalpost 0.053223286 288 4 314 21
goalpost 0.05320488 388 9 414 35
goalpost 0.052680507 445 0 531 270
goalpost 0.051585022 356 0 448 186
goalpost 0.05063458 90 26 129 200
goalpost 0.050612777 156 53 242 372
goalpost 0.050210837 61 16 106 59
goalpost 0.05012876 187 0 284 203
goalpost 0.05005566 94 15 133 58
goalpost 0.04936023 249 66 288 168
goalpost 0.04793225 500 84 559 312
goalpost 0.04679815 610 11 640 272
goalpost 0.046714224 53 0 173 170
goalpost 0.04651502 611 411 633 480
goalpost 0.04584432 488 0 561 252
goalpost 0.045213904 287 274 307 352
goalpost 0.044697683 248 9 286 90
goalpost 0.04440933 121 6 162 202
goalpost 0.044334278 518 328 640 480
goalpost 0.044231918 329 16 356 38
goalpost 0.042524394 0 0 91 170
goalpost 0.042422015 541 0 623 211
goalpost 0.041850146 530 163 574 306
goalpost 0.04171795 606 250 632 480
goalpost 0.04051155 577 0 640 217
goalpost 0.037342574 212 245 319 480
goalpost 0.036992244 109 105 225 314
goalpost 0.036798153 519 239 550 335
goalpost 0.03493854 500 0 627 115
goalpost 0.034649733 565 164 620 285
goalpost 0.034474533 267 299 285 343
goalpost 0.033855047 477 236 507 310
goalpost 0.033732522 330 283 344 310
goalpost 0.03351246 0 350 67 480
goalpost 0.032590706 385 16 430 98
goalpost 0.032383535 510 77 560 218
goalpost 0.03232076 518 2 540 33
goalpost 0.03228113 37 42 177 231
goalpost 0.03223152 245 171 295 271
goalpost 0.032009073 418 300 554 480
goalpost 0.031618003 225 18 263 105
goalpost 0.031260237 81 0 217 144
