goalpost 0.9537846 306 0 441 432
goalpost 0.0853013 332 0 523 406
goalpost 0.08469052 127 126 145 329
goalpost 0.083963215 627 8 639 73
goalpost 0.080119684 267 0 449 409
goalpost 0.07916097 3 0 11 84
goalpost 0.07231762 0 0 17 30
goalpost 0.071725205 123 99 149 344
goalpost 0.05968239 127 16 145 207
goalpost 0.054916102 625 19 638 144
goalpost 0.054436266 0 0 13 38
goalpost 0.05078572 124 0 149 230
goalpost 0.0480384 127 68 146 271
goalpost 0.04704257 303 32 408 386
goalpost 0.046951167 2 0 12 132
goalpost 0.044251014 320 103 415 432
goalpost 0.04319089 336 0 465 480
goalpost 0.041919094 0 6 10 69
goalpost 0.040778905 254 13 425 457
goalpost 0.03945844 344 0 443 336
goalpost 0.039278682 271 0 292 19
goalpost 0.039125215 489 386 517 480
goalpost 0.037345845 0 4 15 44
goalpost 0.03703974 626 0 639 54
goalpost 0.036194265 3 0 13 54
goalpost 0.033697795 0 8 12 89
goalpost 0.033288002 257 0 278 19
goalpost 0.033167735 128 0 144 145
goalpost 0.03250635 0 165 15 316
goalpost 0.032362442 160 57 364 387
goalpost 0.030403009 1 17 13 161
goalpost 0.030219372 619 0 639 37
goalpost 0.03001316 613 41 640 237
goalpost 0.02983725 338 0 415 423
goalpost 0.02969328 285 0 306 17
goalpost 0.028821964 0 20 13 117
goalpost 0.028589446 0 9 14 57
goalpost 0.02739582 290 0 422 480
goalpost 0.026734395 13 0 29 25
goalpost 0.026679859 619 13 639 64
goalpost 0.02535865 0 124 16 279
goalpost 0.025348343 600 121 640 243
goalpost 0.025094671 239 0 262 20
goalpost 0.024868289 621 34 640 132
goalpost 0.024603726 273 0 288 68
goalpost 0.024506737 609 5 627 34
goalpost 0.024273397 301 0 323 15
goalpost 0.023704542 28 0 49 21
goalpost 0.023266185 317 0 340 14
goalpost 0.023144517 135 51 162 300
goalpost 0.022658084 0 18 13 71
goalpost 0.022519069 307 0 420 282
goalpost 0.022134924 611 2 632 26
goalpost 0.02211171 472 6 501 77
goalpost 0.021960674 136 0 162 241
goalpost 0.021589981 0 76 16 229
goalpost 0.021507654 460 5 487 77
goalpost 0.020955335 0 184 17 295
goalpost 0.020847606 43 0 65 16
goalpost 0.020343762 610 99 640 277
goalpost 0.020139541 271 73 397 414
goalpost 0.019757785 0 356 59 480
goalpost 0.019699726 222 0 246 21
goalpost 0.019385789 0 303 16 388
goalpost 0.01932018 524 0 552 15
goalpost 0.018892309 625 40 640 181
goalpost 0.018572805 2 356 91 480
goalpost 0.018572021 50 292 108 480
goalpost 0.018568972 614 0 639 171
goalpost 0.01848196 538 0 567 14
goalpost 0.01847842 0 217 16 321
goalpost 0.018409569 487 374 520 466
goalpost 0.018408274 625 373 640 465
goalpost 0.018287232 425 0 454 70
goalpost 0.018179456 0 160 19 271
goalpost 0.018161144 0 393 51 480
goalpost 0.01813489 488 329 518 480
goalpost 0.01809258 1 260 14 387
goalpost 0.01803502 331 0 357 16
goalpost 0.017866317 480 384 525 480
goalpost 0.017827153 443 0 640 388
goalpost 0.017799279 618 24 640 95
goalpost 0.017745532 59 0 82 17
goalpost 0.01768023 288 154 409 446
goalpost 0.017672705 493 372 514 480
goalpost 0.017653035 149 403 185 480
goalpost 0.017572075 1 207 14 349
goalpost 0.01757201 612 11 634 40
goalpost 0.017261121 34 0 46 57
goalpost 0.017184014 0 41 15 144
goalpost 0.017165057 204 0 230 21
goalpost 0.01716265 370 0 517 480
goalpost 0.01696342 458 0 491 26
goalpost 0.016811023 609 13 628 48
goalpost 0.016799543 50 0 62 50
goalpost 0.016608715 0 278 16 369
goalpost 0.016582476 0 127 19 331
goalpost 0.016522644 188 0 214 22
goalpost 0.016347557 0 316 20 373
goalpost 0.01615388 11 0 26 31
