goalpost 0.61529964 179 0 215 90
goalpost 0.287543 462 6 522 163
goalpost 0.27814102 437 10 500 169
goalpost 0.24507852 610 185 635 271
goalpost 0.24453694 324 2 355 79
goalpost 0.22245072 423 10 528 214
goalpost 0.2094008 161 0 209 52
goalpost 0.19594702 86 0 132 22
goalpost 0.18624917 0 0 82 284
goalpost 0.18178573 377 0 547 328
goalpost 0.17257634 2 167 22 281
goalpost 0.17145087 446 0 587 188
goalpost 0.1568622 0 7 31 283
goalpost 0.15671034 416 95 562 443
goalpost 0.1525724 0 0 193 302
goalpost 0.15234084 123 0 174 44
goalpost 0.151207 394 0 492 203
goalpost 0.14590982 288 1 322 75
goalpost 0.13726532 78 0 204 182
goalpost 0.12904249 66 0 115 16
goalpost 0.1270562 289 5 318 38
goalpost 0.12289106 320 3 352 44
goalpost 0.118995786 414 30 463 168
goalpost 0.11358864 494 41 548 153
goalpost 0.112180054 386 0 423 85
goalpost 0.10751318 348 3 386 78
goalpost 0.101913236 134 0 249 181
goalpost 0.09674937 98 0 281 123
goalpost 0.09482433 0 0 108 221
goalpost 0.09445559 415 0 458 93
goalpost 0.09369529 9 6 143 232
goalpost 0.08559228 605 0 636 124
goalpost 0.08484584 490 0 640 156
goalpost 0.08370207 261 3 295 85
goalpost 0.08136492 348 0 442 197
goalpost 0.080222376 296 0 417 142
goalpost 0.07428251 427 0 583 287
goalpost 0.07408081 161 0 347 116
goalpost 0.07301926 86 18 137 187
goalpost 0.07166914 28 169 67 271
goalpost 0.06871912 264 9 291 37
goalpost 0.067877404 214 7 253 94
goalpost 0.06621251 0 17 25 65
goalpost 0.06593822 55 178 93 258
goalpost 0.06140268 533 344 578 448
goalpost 0.058545884 505 79 603 368
goalpost 0.057411797 539 41 578 151
goalpost 0.057025097 229 0 310 202
goalpost 0.056978963 257 0 350 197
goalpost 0.05631617 488 0 556 123
goalpost 0.05453596 570 0 621 122
goalpost 0.05448501 612 208 640 354
goalpost 0.053846043 449 186 594 480
goalpost 0.051799495 42 23 115 210
goalpost 0.05081559 0 26 92 398
goalpost 0.049827863 179 0 277 191
goalpost 0.04965678 337 71 487 346
goalpost 0.04903204 418 0 451 48
goalpost 0.048759565 45 57 264 317
goalpost 0.047800563 528 0 598 112
goalpost 0.04691739 395 0 526 118
goalpost 0.04687966 444 6 487 46
goalpost 0.04623628 108 33 172 173
goalpost 0.04614707 484 17 615 248
goalpost 0.044099715 613 27 635 159
goalpost 0.043988444 217 9 246 46
goalpost 0.04368313 557 0 640 183
goalpost 0.04352106 475 9 523 49
goalpost 0.043219455 475 240 527 403
goalpost 0.042448014 593 137 640 477
goalpost 0.04117681 0 316 65 480
goalpost 0.037755292 21 118 74 270
goalpost 0.03742222 350 455 379 480
goalpost 0.037404314 0 294 13 415
goalpost 0.03703772 302 0 393 217
goalpost 0.037000954 144 25 211 166
goalpost 0.03563104 618 94 639 197
goalpost 0.034785878 575 0 640 144
goalpost 0.03405816 0 235 12 310
goalpost 0.033609767 143 51 318 321
goalpost 0.03310115 592 47 640 252
goalpost 0.032826114 515 447 543 480
goalpost 0.032049086 0 438 25 480
goalpost 0.031337347 23 0 65 26
goalpost 0.031294063 508 291 556 445
goalpost 0.029958565 477 56 577 320
goalpost 0.029711826 546 86 640 447
goalpost 0.02964443 0 307 134 480
goalpost 0.02958836 479 354 616 480
goalpost 0.02956183 500 8 549 41
goalpost 0.029003063 322 445 352 480
goalpost 0.0284524 542 439 576 480
goalpost 0.028271733 175 22 227 144
goalpost 0.028256238 435 215 494 338
goalpost 0.028157925 254 0 365 110
goalpost 0.027840637 342 434 423 480
goalpost 0.027374879 0 188 70 470
goalpost 0.027004989 572 11 618 61
goalpost 0.026973728 392 125 515 368
