goalpost 0.65867865 497 2 580 139
goalpost 0.49793407 247 0 275 43
goalpost 0.48481548 160 25 178 88
goalpost 0.4264942 72 19 88 74
goalpost 0.31663448 32 8 51 28
goalpost 0.27416423 492 4 621 186
goalpost 0.16537082 537 9 640 175
goalpost 0.1551869 9 0 32 25
goalpost 0.15396316 510 54 567 142
goalpost 0.15381917 248 19 273 55
goalpost 0.13839647 197 200 208 213
goalpost 0.1382106 171 200 183 215
goalpost 0.13709632 555 0 615 103
goalpost 0.13530526 71 13 85 45
goalpost 0.12967472 144 24 162 100
goalpost 0.12363272 480 0 589 292
goalpost 0.120030865 531 14 580 56
goalpost 0.11894493 437 0 559 189
goalpost 0.11680789 510 17 559 77
goalpost 0.10157657 3 457 25 480
goalpost 0.10027228 607 3 635 36
goalpost 0.09976458 331 190 347 223
goalpost 0.09939871 573 3 612 36
goalpost 0.09625092 0 225 12 308
goalpost 0.08602651 197 29 212 92
goalpost 0.08314262 169 206 183 269
goalpost 0.08185141 75 36 96 117
goalpost 0.081202686 44 23 63 70
goalpost 0.07820906 154 25 183 139
goalpost 0.07708524 388 1 423 23
goalpost 0.07605983 102 19 120 89
goalpost 0.07600477 69 189 88 267
goalpost 0.07533814 448 2 480 40
goalpost 0.07485811 192 27 219 117
goalpost 0.07428913 99 38 129 116
goalpost 0.07121919 470 5 546 108
goalpost 0.07121493 241 33 260 69
goalpost 0.06978404 208 0 300 220
goalpost 0.06898333 21 0 104 237
goalpost 0.068855226 437 15 489 64
goalpost 0.06760699 100 15 114 41
goalpost 0.066577755 384 445 415 480
goalpost 0.06620358 0 266 11 332
goalpost 0.0658961 267 198 278 221
goalpost 0.06504158 251 35 279 119
goalpost 0.06495936 112 0 197 183
goalpost 0.06321604 235 203 246 221
goalpost 0.06319686 298 193 312 216
goalpost 0.06253424 356 2 382 26
goalpost 0.06210729 484 0 640 127
goalpost 0.05983495 549 12 603 146
goalpost 0.05613684 354 0 453 187
goalpost 0.055778723 514 164 535 240
goalpost 0.054699752 168 13 184 44
goalpost 0.05377914 186 0 283 193
goalpost 0.052201394 194 208 209 264
goalpost 0.05151099 130 19 166 138
goalpost 0.04913353 415 3 455 30
goalpost 0.049113303 83 0 152 237
goalpost 0.04895246 335 3 356 25
goalpost 0.048317213 5 30 22 89
goalpost 0.04801572 410 441 446 480
goalpost 0.04591638 515 67 640 249
goalpost 0.043245748 280 1 307 34
goalpost 0.043235615 443 442 478 480
goalpost 0.04251707 0 0 67 188
goalpost 0.042380918 628 115 640 159
goalpost 0.0419808 481 6 521 57
goalpost 0.04168184 615 0 640 149
goalpost 0.04056738 63 462 94 480
goalpost 0.040379766 131 0 227 234
goalpost 0.04015921 0 396 64 480
goalpost 0.04010754 116 0 169 257
goalpost 0.03977202 421 8 517 210
goalpost 0.039479863 295 161 315 207
goalpost 0.03881726 39 0 174 155
goalpost 0.03827696 389 385 592 480
goalpost 0.03807606 515 185 539 269
goalpost 0.037500322 155 0 254 156
goalpost 0.036741547 514 149 539 195
goalpost 0.036271274 198 19 213 49
goalpost 0.0359783 227 33 254 135
goalpost 0.035792712 53 0 121 221
goalpost 0.03543397 312 0 398 192
goalpost 0.035166025 32 461 62 480
goalpost 0.034817018 346 382 477 480
goalpost 0.03428205 408 391 530 480
goalpost 0.033980917 332 195 350 261
goalpost 0.03396634 565 81 640 224
goalpost 0.033905074 350 195 367 238
goalpost 0.033514284 140 22 154 52
goalpost 0.033205807 67 36 109 192
goalpost 0.032934643 66 224 86 284
goalpost 0.032553818 324 155 346 221
goalpost 0.032545157 437 19 500 126
goalpost 0.030747341 605 0 639 98
goalpost 0.028255492 74 169 93 224
goalpost 0.028174495 455 72 549 283
goalpost 0.028104704 351 204 372 263
