goalpost 0.3110071 457 29 485 76
goalpost 0.29970527 454 42 599 476
goalpost 0.2757197 99 121 122 187
goalpost 0.21786024 207 0 221 20
goalpost 0.18729739 224 1 240 18
goalpost 0.17972448 296 0 310 39
goalpost 0.17020476 389 2 407 26
goalpost 0.16846621 453 37 484 165
goalpost 0.16807565 265 0 282 20
goalpost 0.16225274 326 243 342 334
goalpost 0.16169351 462 27 551 399
goalpost 0.15011708 331 1 345 29
goalpost 0.1462235 235 208 260 359
goalpost 0.13912688 614 6 638 32
goalpost 0.1249947 247 237 266 350
goalpost 0.12471121 458 51 508 173
goalpost 0.12416572 219 58 245 181
goalpost 0.12250276 325 239 347 381
goalpost 0.118156314 469 74 509 218
goalpost 0.1148736 464 17 502 74
goalpost 0.11390553 330 270 352 389
goalpost 0.113852225 424 57 495 421
goalpost 0.10705323 364 26 388 188
goalpost 0.10548736 455 41 482 95
goalpost 0.10490596 360 0 376 18
goalpost 0.10187465 539 86 572 298
goalpost 0.1004851 565 99 619 290
goalpost 0.099838756 508 86 557 252
goalpost 0.09885478 610 31 635 78
goalpost 0.09844683 195 48 235 183
goalpost 0.09796448 0 0 24 135
goalpost 0.09476226 222 29 247 113
goalpost 0.0943004 410 0 508 272
goalpost 0.093347445 147 181 165 304
goalpost 0.089931294 493 20 634 319
goalpost 0.08844354 428 0 542 206
goalpost 0.087888345 383 30 411 187
goalpost 0.086438514 573 2 611 20
goalpost 0.08462603 414 46 449 176
goalpost 0.0837317 152 181 175 293
goalpost 0.08371094 608 77 635 300
goalpost 0.083373874 453 68 481 226
goalpost 0.08139328 542 4 583 21
goalpost 0.07914149 574 25 609 61
goalpost 0.07769148 165 0 185 23
goalpost 0.073514804 451 6 486 38
goalpost 0.07113254 164 75 193 190
goalpost 0.07098804 249 276 268 392
goalpost 0.070196666 0 0 79 199
goalpost 0.064615 347 0 441 214
goalpost 0.06233893 226 21 247 83
goalpost 0.061359297 228 208 251 336
goalpost 0.060712084 538 135 583 355
goalpost 0.059053387 444 115 491 382
goalpost 0.05883718 361 52 640 302
goalpost 0.056842647 559 26 640 311
goalpost 0.056819867 11 0 133 182
goalpost 0.055312198 144 94 233 256
goalpost 0.054203212 95 0 229 148
goalpost 0.053806525 90 0 131 100
goalpost 0.05320568 464 7 503 41
goalpost 0.051915016 610 440 633 480
goalpost 0.05126357 525 87 640 478
goalpost 0.05041756 58 1 112 115
goalpost 0.048688844 512 5 553 24
goalpost 0.0484597 444 42 557 243
goalpost 0.04619008 120 0 156 43
goalpost 0.045779597 206 179 227 311
goalpost 0.04574109 145 189 161 242
goalpost 0.045688372 0 258 16 327
goalpost 0.045166936 492 258 640 480
goalpost 0.044471696 96 105 124 167
goalpost 0.044307385 185 72 263 358
goalpost 0.044163328 494 0 607 198
goalpost 0.04348914 402 65 460 438
goalpost 0.043087076 222 183 248 301
goalpost 0.042967726 59 12 173 316
goalpost 0.042707924 242 251 262 369
goalpost 0.042367246 404 17 477 320
goalpost 0.0422864 157 41 201 219
goalpost 0.04081818 65 38 259 237
goalpost 0.03938757 95 76 193 294
goalpost 0.039178204 424 5 452 26
goalpost 0.039090496 96 0 130 46
goalpost 0.038910978 599 224 640 469
goalpost 0.03851573 323 0 398 211
goalpost 0.03813863 391 111 420 297
goalpost 0.038023703 222 178 250 245
goalpost 0.037960194 162 106 236 382
goalpost 0.037621994 70 133 97 193
goalpost 0.03670377 139 7 223 320
goalpost 0.036570065 500 109 548 309
goalpost 0.03601988 460 46 499 94
goalpost 0.03583033 536 0 640 199
goalpost 0.03559184 546 19 578 64
goalpost 0.035573095 260 0 337 218
goalpost 0.035060465 448 280 593 480
goalpost 0.034316387 0 5 20 83
goalpost 0.034003846 496 49 640 226
goalpost 0.033650454 298 210 361 421
