goalpost 0.8138588 121 47 316 381
goalpost 0.10465236 82 0 296 340
goalpost 0.07778889 161 80 342 354
goalpost 0.07572628 150 0 359 397
goalpost 0.050632495 49 0 181 180
goalpost 0.048403516 149 70 264 385
goalpost 0.046241153 78 2 213 214
goalpost 0.04265674 0 192 14 338
goalpost 0.040379394 113 0 316 250
goalpost 0.035731945 369 0 428 270
goalpost 0.033678364 374 16 408 256
goalpost 0.03175407 0 0 230 329
goalpost 0.03077623 41 86 361 440
goalpost 0.030311929 0 201 17 315
goalpost 0.029864829 140 64 445 399
goalpost 0.029600248 119 2 230 274
goalpost 0.029526724 217 0 390 268
goalpost 0.029467039 142 0 294 437
goalpost 0.027229099 121 0 299 152
goalpost 0.026283259 378 0 421 258
goalpost 0.025827339 0 0 217 264
goalpost 0.025486227 351 0 443 240
goalpost 0.025438685 76 0 246 147
goalpost 0.025113022 1 168 15 290
goalpost 0.023584306 223 362 272 421
goalpost 0.023408277 47 0 174 129
goalpost 0.023014538 22 0 148 152
goalpost 0.022228148 366 78 415 225
goalpost 0.021802284 0 190 17 267
goalpost 0.021488791 0 236 15 365
goalpost 0.021169016 626 0 640 70
goalpost 0.020897549 359 0 640 480
goalpost 0.020459555 0 293 16 455
goalpost 0.020054407 180 98 284 392
goalpost 0.0195872 0 131 20 173
goalpost 0.019491151 237 361 286 420
goalpost 0.019221606 71 0 155 161
goalpost 0.019104445 0 149 18 362
goalpost 0.018776499 0 120 20 163
goalpost 0.018538572 366 9 432 209
goalpost 0.018302323 0 0 370 480
goalpost 0.0183007 0 114 16 175
goalpost 0.018101629 111 0 331 283
goalpost 0.018065305 147 0 254 284
goalpost 0.017998707 229 344 266 414
goalpost 0.017960563 0 243 17 337
goalpost 0.017957497 102 0 186 189
goalpost 0.017617851 127 52 242 347
goalpost 0.017524863 36 13 134 147
goalpost 0.017513504 603 0 633 30
goalpost 0.017310621 0 173 32 428
goalpost 0.017231429 619 0 640 36
goalpost 0.01718217 31 0 132 97
goalpost 0.016884651 0 227 101 480
goalpost 0.0168111 0 0 15 86
goalpost 0.016718613 0 0 26 26
goalpost 0.016716676 159 0 274 189
goalpost 0.016643494 144 0 221 374
goalpost 0.01663056 60 29 165 170
goalpost 0.016575897 0 0 124 131
goalpost 0.016563093 274 0 640 480
goalpost 0.016397126 118 0 227 199
goalpost 0.016366282 35 0 126 61
goalpost 0.01633353 346 0 524 299
goalpost 0.0162771 87 0 198 161
goalpost 0.016256385 22 0 58 21
goalpost 0.0162308 454 204 488 260
goalpost 0.01602093 0 9 19 83
goalpost 0.015949173 440 194 474 251
goalpost 0.015928457 7 0 41 21
goalpost 0.015902093 6 430 47 470
goalpost 0.015862161 42 0 287 241
goalpost 0.01580913 244 343 280 415
goalpost 0.015737958 362 0 394 238
goalpost 0.015730891 1 83 14 178
goalpost 0.015722219 60 0 161 106
goalpost 0.01568221 167 144 249 364
goalpost 0.01566095 0 0 118 182
goalpost 0.015658554 229 373 266 450
goalpost 0.015629513 309 409 347 480
goalpost 0.0155232595 0 188 22 241
goalpost 0.015387288 4 347 89 480
goalpost 0.015283818 0 101 16 160
goalpost 0.01520312 244 364 281 436
goalpost 0.015180136 0 263 15 409
goalpost 0.0151583515 167 0 247 413
goalpost 0.015133599 0 5 15 132
goalpost 0.015052304 325 410 361 480
goalpost 0.015048248 36 0 74 22
goalpost 0.015038067 375 0 406 193
goalpost 0.014956512 0 261 21 480
goalpost 0.014867964 0 427 31 470
goalpost 0.014837572 356 0 399 166
goalpost 0.014795699 9 0 96 119
goalpost 0.014779846 11 0 92 54
goalpost 0.014685365 193 0 340 335
goalpost 0.014651768 67 136 108 182
goalpost 0.014585676 373 114 409 216
goalpost 0.01450448 91 236 130 480
goalpost 0.014498715 371 42 426 249
