goalpost 0.9743646 363 0 467 327
goalpost 0.12768455 354 0 480 417
goalpost 0.05828259 469 0 640 390
goalpost 0.042563204 392 0 554 378
goalpost 0.040515058 341 38 447 330
goalpost 0.038387857 399 0 462 293
goalpost 0.035804596 0 0 24 27
goalpost 0.035498172 343 14 507 346
goalpost 0.03462527 627 0 640 41
goalpost 0.032697555 186 21 213 261
goalpost 0.032465734 374 0 440 333
goalpost 0.031039672 13 0 38 27
goalpost 0.029680135 626 49 640 199
goalpost 0.029273555 189 56 209 238
goalpost 0.02864504 493 0 519 13
goalpost 0.028543781 627 32 640 147
goalpost 0.027892182 619 0 640 20
goalpost 0.02560154 388 0 490 302
goalpost 0.025311235 628 0 640 26
goalpost 0.024787923 507 0 533 11
goalpost 0.024658104 626 357 640 469
goalpost 0.02434576 506 287 554 480
goalpost 0.024169743 605 0 633 14
goalpost 0.023463007 522 319 552 415
goalpost 0.023450041 627 3 640 65
goalpost 0.022810422 522 0 549 11
goalpost 0.022654077 534 158 569 244
goalpost 0.02258501 627 11 640 99
goalpost 0.021968612 614 0 639 139
goalpost 0.021747231 475 0 505 16
goalpost 0.021667477 612 8 640 216
goalpost 0.021452129 536 0 566 10
goalpost 0.021322295 618 35 640 246
goalpost 0.021184344 623 78 640 227
goalpost 0.021154225 596 327 640 480
goalpost 0.021016214 588 0 613 13
goalpost 0.021010857 532 307 583 480
goalpost 0.020921262 625 271 640 379
goalpost 0.020864617 534 320 567 416
goalpost 0.02082172 528 316 573 439
goalpost 0.020763827 134 375 200 477
goalpost 0.020482086 523 258 551 444
goalpost 0.01990483 362 0 485 215
goalpost 0.01989567 558 0 576 36
goalpost 0.019755106 574 0 592 35
goalpost 0.019710908 515 316 560 442
goalpost 0.019250466 506 0 631 480
goalpost 0.019018054 571 0 597 11
goalpost 0.018924685 423 0 631 369
goalpost 0.018885793 551 0 584 10
goalpost 0.018854126 626 301 640 444
goalpost 0.018571043 599 37 640 162
goalpost 0.018508758 531 0 593 39
goalpost 0.01836291 121 385 186 480
goalpost 0.017817311 395 9 548 480
goalpost 0.017787278 612 0 640 85
goalpost 0.017762752 526 300 547 454
goalpost 0.017749472 619 90 640 200
goalpost 0.01738468 0 232 17 295
goalpost 0.01728257 358 337 394 420
goalpost 0.01721887 421 0 457 25
goalpost 0.017112685 27 0 49 34
goalpost 0.016930059 23 0 54 29
goalpost 0.016780833 367 39 436 395
goalpost 0.016695682 591 0 608 37
goalpost 0.016642893 562 420 606 480
goalpost 0.016640622 1 258 15 353
goalpost 0.016623372 405 0 442 24
goalpost 0.01646331 605 322 640 480
goalpost 0.01643987 536 259 565 442
goalpost 0.016330628 508 0 528 10
goalpost 0.016141774 17 0 31 56
goalpost 0.016117591 0 0 116 126
goalpost 0.016052343 381 0 527 480
goalpost 0.016030028 510 0 528 45
goalpost 0.01601745 18 0 173 113
goalpost 0.016006637 105 375 172 474
goalpost 0.015960738 567 0 623 41
goalpost 0.015860634 620 0 640 28
goalpost 0.015836604 278 398 314 480
goalpost 0.015767237 126 353 178 476
goalpost 0.015765468 625 166 640 278
goalpost 0.015633453 478 314 497 470
goalpost 0.015503605 520 165 583 258
goalpost 0.0154772 494 0 513 13
goalpost 0.015424775 387 27 462 392
goalpost 0.015317879 367 346 414 411
goalpost 0.015308884 185 0 214 198
goalpost 0.015271881 525 0 544 45
goalpost 0.015247147 401 0 504 246
goalpost 0.015224226 13 1 38 37
goalpost 0.015220165 582 354 640 480
goalpost 0.01517983 1 0 15 70
goalpost 0.015173378 475 313 501 422
goalpost 0.015110149 161 0 293 102
goalpost 0.0150858015 83 0 231 105
goalpost 0.015015391 103 353 188 480
goalpost 0.014961921 0 89 16 224
goalpost 0.014931312 33 0 47 61
goalpost 0.014781915 384 1 465 242
