goalpost 0.85736597 260 0 323 233
goalpost 0.10099529 630 136 639 215
goalpost 0.072704665 628 137 639 271
goalpost 0.06266159 631 112 639 181
goalpost 0.053062983 627 146 639 314
goalpost 0.048239086 631 55 639 138
goalpost 0.047875658 268 0 330 252
goalpost 0.04701565 0 123 10 186
goalpost 0.044294186 629 0 639 61
goalpost 0.043938998 630 32 639 115
goalpost 0.03719715 624 190 640 342
goalpost 0.036319345 630 80 639 167
goalpost 0.03613225 3 113 12 214
goalpost 0.03548547 272 5 333 316
goalpost 0.035079923 248 0 307 260
goalpost 0.034837194 0 50 13 118
goalpost 0.03424348 619 142 640 379
goalpost 0.032714285 0 114 13 178
goalpost 0.031910192 254 22 307 182
goalpost 0.030686991 382 1 403 109
goalpost 0.029033229 2 35 13 132
goalpost 0.027949568 0 78 13 137
goalpost 0.02729217 0 214 14 287
goalpost 0.026806233 557 368 633 475
goalpost 0.026136214 3 96 12 173
goalpost 0.025862426 239 0 336 171
goalpost 0.025748875 414 417 462 480
goalpost 0.025568375 626 374 640 480
goalpost 0.025457399 229 0 345 263
goalpost 0.025104873 627 0 639 39
goalpost 0.024932405 311 236 344 329
goalpost 0.024789512 0 132 14 211
goalpost 0.023703905 1 195 13 305
goalpost 0.02293598 0 119 15 161
goalpost 0.022673253 0 93 12 143
goalpost 0.022483505 3 64 13 147
goalpost 0.022359917 0 58 16 105
goalpost 0.022312056 608 151 640 405
goalpost 0.022140432 0 0 24 25
goalpost 0.022106964 0 23 15 100
goalpost 0.021990055 264 16 305 247
goalpost 0.021953424 501 249 537 337
goalpost 0.021913076 0 72 15 116
goalpost 0.021842606 0 136 15 188
goalpost 0.021770896 0 106 11 157
goalpost 0.021442022 1 137 14 255
goalpost 0.021328205 0 85 15 126
goalpost 0.02129741 613 47 640 277
goalpost 0.021182606 412 369 466 480
goalpost 0.020914068 189 0 311 119
goalpost 0.020902304 400 419 449 480
goalpost 0.020857917 9 0 38 20
goalpost 0.020856656 614 112 639 339
goalpost 0.020672264 127 377 145 459
goalpost 0.020342914 580 364 640 476
goalpost 0.01985007 80 312 96 441
goalpost 0.019805975 114 0 240 95
goalpost 0.019590326 608 0 630 19
goalpost 0.019389126 261 21 329 155
goalpost 0.019186081 0 184 15 272
goalpost 0.019121705 1 11 14 117
goalpost 0.018991012 0 109 16 147
goalpost 0.01886286 0 237 16 307
goalpost 0.018858204 620 0 640 26
goalpost 0.01884633 0 156 16 243
goalpost 0.018625045 0 45 18 94
goalpost 0.018495359 0 0 15 82
goalpost 0.018160842 279 37 325 282
goalpost 0.017868718 566 345 625 460
goalpost 0.01785735 313 213 341 313
goalpost 0.017784653 303 228 350 353
goalpost 0.017706186 250 3 312 127
goalpost 0.017584214 35 0 172 101
goalpost 0.017463148 198 266 262 369
goalpost 0.017441293 185 0 317 178
goalpost 0.017407207 0 234 19 286
goalpost 0.017352104 0 244 16 355
goalpost 0.017256826 394 12 417 117
goalpost 0.017170673 358 326 423 430
goalpost 0.017167753 570 85 597 315
goalpost 0.017162515 23 0 54 21
goalpost 0.017161975 128 340 144 466
goalpost 0.017138958 342 300 409 407
goalpost 0.017119914 355 421 400 480
goalpost 0.017089633 261 89 325 239
goalpost 0.01704559 278 0 322 189
goalpost 0.017015686 8 253 38 462
goalpost 0.016948517 368 420 415 480
goalpost 0.016865658 0 313 85 480
goalpost 0.016859578 183 267 246 368
goalpost 0.016693821 578 39 590 122
goalpost 0.016638009 453 249 490 338
goalpost 0.016489435 625 241 640 372
goalpost 0.016416548 207 29 310 245
goalpost 0.016413376 242 25 343 378
goalpost 0.016401516 589 0 616 18
goalpost 0.016346307 408 415 469 480
goalpost 0.016326154 592 335 640 463
goalpost 0.016323237 502 228 537 314
goalpost 0.016315933 621 124 638 170
