goalpost 0.40020502 349 4 369 108
goalpost 0.36822936 3 0 23 157
goalpost 0.35251448 109 0 130 39
goalpost 0.34219426 191 0 237 214
goalpost 0.31172165 145 0 233 231
goalpost 0.30469647 499 85 518 122
goalpost 0.2825021 239 241 290 402
goalpost 0.25609955 206 10 255 204
goalpost 0.23873791 0 57 16 171
goalpost 0.23627725 604 34 639 239
goalpost 0.2275697 184 0 274 244
goalpost 0.22376898 72 0 160 221
goalpost 0.20882724 505 86 527 122
goalpost 0.1522935 130 0 157 42
goalpost 0.14579697 155 0 205 181
goalpost 0.140987 159 0 189 44
goalpost 0.14084448 121 17 164 164
goalpost 0.13385104 214 79 252 199
goalpost 0.117339835 267 281 323 406
goalpost 0.11305913 498 184 538 339
goalpost 0.111257635 123 0 290 162
goalpost 0.10931283 213 27 247 74
goalpost 0.10471832 192 66 291 386
goalpost 0.10089778 102 0 187 215
goalpost 0.100563124 243 0 314 264
goalpost 0.093989715 604 19 640 90
goalpost 0.093029134 0 183 9 254
goalpost 0.092065185 191 16 230 68
goalpost 0.09106653 334 4 359 112
goalpost 0.08890417 109 0 134 80
goalpost 0.0888486 292 0 321 115
goalpost 0.087805316 0 155 10 203
goalpost 0.08449986 559 0 613 28
goalpost 0.08290427 353 9 370 59
goalpost 0.08198485 45 0 147 153
goalpost 0.07953188 12 0 96 203
goalpost 0.07937185 568 15 619 100
goalpost 0.079355404 251 20 293 149
goalpost 0.078865334 583 0 640 200
goalpost 0.07833692 233 0 351 176
goalpost 0.07713574 103 28 144 175
goalpost 0.076582186 518 0 616 195
goalpost 0.07614772 1 12 26 79
goalpost 0.07585935 229 255 336 445
goalpost 0.06869773 222 16 295 244
goalpost 0.068555415 176 0 329 137
goalpost 0.06841916 128 0 164 88
goalpost 0.06581126 497 23 574 328
goalpost 0.064535245 273 11 353 223
goalpost 0.06450265 609 277 640 432
goalpost 0.06349588 542 0 590 28
goalpost 0.061689705 552 44 633 233
goalpost 0.061381184 452 14 518 308
goalpost 0.060839005 136 8 204 319
goalpost 0.060249645 348 26 374 144
goalpost 0.056739863 259 22 287 56
goalpost 0.05524807 579 65 625 260
goalpost 0.05474817 19 2 62 135
goalpost 0.05209678 625 308 640 478
goalpost 0.05196463 532 61 604 350
goalpost 0.050446656 69 4 124 237
goalpost 0.048916835 162 120 277 439
goalpost 0.047893703 495 87 522 179
goalpost 0.046817224 312 302 351 407
goalpost 0.04619764 61 5 95 164
goalpost 0.045786347 413 126 440 238
goalpost 0.04536281 219 188 299 480
goalpost 0.045166973 0 0 61 242
goalpost 0.045011308 638 15 640 163
goalpost 0.044800904 239 41 286 192
goalpost 0.04475315 580 19 640 278
goalpost 0.044574004 0 235 21 420
goalpost 0.044446547 38 0 115 278
goalpost 0.043234993 333 13 356 53
goalpost 0.042890877 257 163 327 480
goalpost 0.041452818 485 139 576 480
goalpost 0.04143703 549 11 585 98
goalpost 0.04133322 512 93 640 334
goalpost 0.04125678 181 256 310 465
goalpost 0.040636353 77 2 97 44
goalpost 0.040044256 0 454 22 480
goalpost 0.040016875 169 0 251 348
goalpost 0.039397966 584 2 640 407
goalpost 0.03874387 506 79 534 180
goalpost 0.03820212 280 164 364 463
goalpost 0.036941282 428 2 451 49
goalpost 0.036833145 476 58 533 337
goalpost 0.03624628 485 146 525 358
goalpost 0.034130383 321 0 380 254
goalpost 0.03366163 499 137 546 299
goalpost 0.033551805 617 389 640 480
goalpost 0.033523288 537 336 573 420
goalpost 0.033284068 425 127 443 212
goalpost 0.03279341 432 47 491 360
goalpost 0.032680187 511 76 533 111
goalpost 0.032248266 356 0 462 153
goalpost 0.031679384 291 11 316 52
goalpost 0.031470902 199 178 326 413
goalpost 0.031342115 420 0 507 149
goalpost 0.031243132 94 7 216 361
