goalpost 0.43039212 1 93 34 317
goalpost 0.2584212 16 106 66 249
goalpost 0.24250256 100 55 124 90
goalpost 0.20763616 0 68 24 271
goalpost 0.20545018 0 154 45 426
goalpost 0.17629972 0 97 70 448
goalpost 0.15356411 61 115 87 239
goalpost 0.14267519 0 53 44 370
goalpost 0.12202736 198 44 227 69
goalpost 0.109801985 17 142 70 424
goalpost 0.08383032 218 12 261 44
goalpost 0.08158544 618 10 638 64
goalpost 0.08112579 515 100 623 480
goalpost 0.08109045 120 58 144 101
goalpost 0.08101593 50 174 103 349
goalpost 0.07700436 251 15 297 50
goalpost 0.07677014 194 7 232 36
goalpost 0.07418153 0 6 28 71
goalpost 0.07242 262 0 351 181
goalpost 0.07235871 69 120 85 188
goalpost 0.06628966 232 0 323 179
goalpost 0.06501886 443 276 472 323
goalpost 0.063340016 78 58 102 100
goalpost 0.061147686 612 130 640 345
goalpost 0.06107217 199 51 222 94
goalpost 0.05831868 280 19 327 57
goalpost 0.05617037 9 73 80 364
goalpost 0.056015532 303 0 385 175
goalpost 0.054680075 0 0 50 220
goalpost 0.053488664 614 182 639 480
goalpost 0.05252805 260 0 420 100
goalpost 0.05216621 188 0 279 176
goalpost 0.048238467 424 103 617 476
goalpost 0.04755931 612 0 636 113
goalpost 0.045847725 0 283 82 480
goalpost 0.04580797 0 454 21 480
goalpost 0.045591857 73 51 95 137
goalpost 0.04508334 450 214 640 473
goalpost 0.04492212 7 65 135 461
goalpost 0.04473735 40 0 125 285
goalpost 0.04473332 620 287 640 477
goalpost 0.043868102 0 50 20 151
goalpost 0.04252254 190 245 225 335
goalpost 0.042211574 349 21 391 53
goalpost 0.04044218 160 184 174 218
goalpost 0.037154574 530 114 596 378
goalpost 0.03676634 162 13 198 40
goalpost 0.036546133 161 205 177 280
goalpost 0.036482308 397 176 567 480
goalpost 0.0361333 24 7 68 43
goalpost 0.03608298 542 154 579 299
goalpost 0.034241345 0 79 58 302
goalpost 0.03420486 141 202 158 276
goalpost 0.034157075 554 81 611 466
goalpost 0.0339347 162 61 184 98
goalpost 0.033850152 216 49 254 87
goalpost 0.033350863 604 81 640 441
goalpost 0.03318004 153 0 266 108
goalpost 0.03252902 342 0 427 171
goalpost 0.03210222 134 222 157 319
goalpost 0.032023538 611 146 635 217
goalpost 0.03096653 565 154 607 286
goalpost 0.030303577 316 22 360 60
goalpost 0.030227361 0 53 78 240
goalpost 0.030159865 417 26 452 56
goalpost 0.029729405 143 182 157 213
goalpost 0.02968267 109 8 185 278
goalpost 0.028877245 207 0 326 100
goalpost 0.028760303 504 7 544 120
goalpost 0.028479148 155 236 190 334
goalpost 0.027648218 21 58 54 178
goalpost 0.027637225 93 200 127 319
goalpost 0.02737837 127 9 162 41
goalpost 0.027102206 121 0 195 182
goalpost 0.027091715 594 0 640 185
goalpost 0.027061442 523 0 612 167
goalpost 0.026976615 407 0 497 152
goalpost 0.026736075 551 0 638 179
goalpost 0.026723651 49 230 100 410
goalpost 0.026558653 34 61 59 142
goalpost 0.026111692 0 321 38 462
goalpost 0.025550187 203 85 223 188
goalpost 0.025515264 586 327 640 480
goalpost 0.025492689 90 0 211 115
goalpost 0.02548155 582 10 609 42
goalpost 0.02538454 346 29 389 139
goalpost 0.025330134 617 445 637 480
goalpost 0.025066404 160 236 182 313
goalpost 0.024270648 376 24 417 56
goalpost 0.024126418 444 25 485 60
goalpost 0.023913737 9 0 131 130
goalpost 0.023841076 18 0 99 194
goalpost 0.023686294 65 145 121 417
goalpost 0.023504298 251 50 289 115
goalpost 0.02337317 0 102 112 283
goalpost 0.023216894 491 0 577 160
goalpost 0.023119044 37 136 99 452
goalpost 0.022816794 98 5 130 34
goalpost 0.022792682 3 306 134 480
