goalpost 0.3522759 358 0 513 417
goalpost 0.30140826 382 0 429 319
goalpost 0.26668474 344 13 429 211
goalpost 0.25331953 375 13 466 221
goalpost 0.20686354 503 3 627 223
goalpost 0.20240217 42 2 99 128
goalpost 0.17964661 351 83 588 457
goalpost 0.17549828 53 174 106 329
goalpost 0.17364937 1 206 25 359
goalpost 0.15119974 392 0 597 303
goalpost 0.13808432 622 174 640 256
goalpost 0.13556947 309 8 480 194
goalpost 0.13292669 307 135 459 480
goalpost 0.1328093 344 46 428 402
goalpost 0.11849291 275 3 374 192
goalpost 0.1154222 356 0 399 181
goalpost 0.113948196 322 1 349 153
goalpost 0.1124091 195 14 282 201
goalpost 0.11139403 496 22 552 215
goalpost 0.111027405 389 0 524 208
goalpost 0.10811392 0 0 91 193
goalpost 0.10663834 0 0 26 137
goalpost 0.106551 425 0 640 243
goalpost 0.105529286 607 31 640 277
goalpost 0.105320774 555 0 640 204
goalpost 0.10448245 282 7 320 150
goalpost 0.0973978 249 0 307 119
goalpost 0.0949378 498 0 640 183
goalpost 0.092181996 0 249 18 380
goalpost 0.09079412 28 0 136 195
goalpost 0.08932626 220 6 336 184
goalpost 0.08742226 441 7 543 237
goalpost 0.08717057 323 4 400 305
goalpost 0.08711004 411 21 447 62
goalpost 0.08528551 379 5 429 137
goalpost 0.08349881 477 15 514 275
goalpost 0.08322253 160 11 245 199
goalpost 0.08285666 294 5 545 278
goalpost 0.079736024 102 10 183 201
goalpost 0.07967516 46 0 212 139
goalpost 0.073796816 268 0 418 121
goalpost 0.07236909 440 9 488 276
goalpost 0.07073644 74 191 122 327
goalpost 0.06974381 384 7 419 47
goalpost 0.06795848 323 140 406 387
goalpost 0.06792502 86 174 167 358
goalpost 0.06638568 7 168 112 354
goalpost 0.06327432 427 0 568 140
goalpost 0.061341397 444 4 474 28
goalpost 0.056429327 52 15 98 75
goalpost 0.05576185 448 367 580 480
goalpost 0.054815616 27 187 75 342
goalpost 0.054691475 0 0 147 136
goalpost 0.053165372 608 19 640 108
goalpost 0.052887686 399 3 450 152
goalpost 0.052044444 573 0 640 372
goalpost 0.051203966 358 3 392 59
goalpost 0.050779715 0 17 17 179
goalpost 0.050628208 561 31 620 218
goalpost 0.047810514 366 35 510 270
goalpost 0.047623593 0 411 27 480
goalpost 0.04726847 252 11 303 57
goalpost 0.046813574 594 0 640 244
goalpost 0.045157444 402 145 483 377
goalpost 0.043662578 152 190 204 291
goalpost 0.04342759 180 207 235 300
goalpost 0.042686805 37 197 148 402
goalpost 0.042643968 532 0 586 147
goalpost 0.04197472 0 140 56 407
goalpost 0.041910365 471 31 640 323
goalpost 0.041362118 1 90 20 203
goalpost 0.03867745 0 153 99 469
goalpost 0.03823627 325 47 354 177
goalpost 0.037827164 164 174 265 363
goalpost 0.03772979 513 8 550 65
goalpost 0.037332717 32 12 79 57
goalpost 0.036794085 161 153 193 188
goalpost 0.035746466 381 190 425 397
goalpost 0.035154562 570 17 620 77
goalpost 0.033825684 569 178 605 261
goalpost 0.033765484 355 439 379 480
goalpost 0.033669762 319 8 354 70
goalpost 0.03312972 536 11 584 58
goalpost 0.03269508 0 189 54 480
goalpost 0.032464582 39 0 117 292
goalpost 0.032409158 118 155 217 324
goalpost 0.03179692 187 0 231 116
goalpost 0.03165832 281 11 325 64
goalpost 0.031568673 150 0 262 124
goalpost 0.030725386 398 323 455 435
goalpost 0.030452078 497 373 636 480
goalpost 0.029921927 121 0 171 122
goalpost 0.02956606 487 0 515 39
goalpost 0.028880186 482 125 513 349
goalpost 0.028823312 220 0 278 113
goalpost 0.028692631 626 227 640 292
goalpost 0.027793573 431 0 491 99
goalpost 0.027465055 370 326 510 480
goalpost 0.027402518 76 1 141 130
goalpost 0.027185734 424 245 640 480
