goalpost 0.46274436 2 28 87 445
goalpost 0.36022487 0 0 99 272
goalpost 0.33273378 0 1 167 363
goalpost 0.26269013 93 37 135 220
goalpost 0.21663095 0 55 43 285
goalpost 0.17665988 118 44 168 238
goalpost 0.16793862 4 0 194 200
goalpost 0.1486873 2 130 39 350
goalpost 0.13554612 24 0 57 24
goalpost 0.12980027 95 149 136 251
goalpost 0.1295096 0 7 182 269
goalpost 0.11912719 26 17 67 287
goalpost 0.11418667 2 196 41 427
goalpost 0.10943008 7 0 37 35
goalpost 0.08983188 493 31 589 215
goalpost 0.087552324 95 223 134 326
goalpost 0.0875518 129 206 160 315
goalpost 0.08679205 62 0 95 22
goalpost 0.08626334 0 15 284 249
goalpost 0.086172186 16 0 72 128
goalpost 0.086072594 0 132 61 480
goalpost 0.07988357 125 146 165 282
goalpost 0.07803427 615 2 640 309
goalpost 0.07522619 39 0 241 147
goalpost 0.0752084 0 4 48 120
goalpost 0.072331086 0 101 139 468
goalpost 0.071283154 0 283 68 480
goalpost 0.071122654 531 26 636 216
goalpost 0.0692604 190 140 225 264
goalpost 0.06840567 493 0 620 292
goalpost 0.06830236 79 2 142 121
goalpost 0.06803339 90 2 132 33
goalpost 0.06703496 96 0 221 239
goalpost 0.06636654 46 22 104 258
goalpost 0.06255951 95 184 134 280
goalpost 0.060938418 143 68 205 216
goalpost 0.058457244 571 0 640 209
goalpost 0.057882544 221 0 417 274
goalpost 0.05751941 609 15 640 103
goalpost 0.056443013 48 0 113 114
goalpost 0.0553726 170 0 305 209
goalpost 0.055147372 156 0 198 99
goalpost 0.050294776 627 6 640 137
goalpost 0.04794194 154 148 196 274
goalpost 0.047247402 443 28 553 206
goalpost 0.046752214 102 0 315 337
goalpost 0.04640007 138 19 489 280
goalpost 0.04565083 1 434 29 480
goalpost 0.04469472 0 274 141 480
goalpost 0.042486485 397 0 640 283
goalpost 0.040580753 90 122 214 454
goalpost 0.040211786 245 22 361 196
goalpost 0.040138934 215 137 256 248
goalpost 0.039171904 409 4 451 22
goalpost 0.038299758 337 31 440 198
goalpost 0.037482306 483 405 596 480
goalpost 0.036670443 26 116 72 335
goalpost 0.036584675 250 4 575 232
goalpost 0.0363859 180 48 227 240
goalpost 0.03588016 473 3 517 18
goalpost 0.035186075 291 24 403 195
goalpost 0.03497146 230 338 381 480
goalpost 0.03386372 559 11 614 226
goalpost 0.033735674 592 3 640 138
goalpost 0.033622775 342 13 486 132
goalpost 0.033538803 118 0 172 117
goalpost 0.033168245 542 1 587 25
goalpost 0.03286066 165 50 293 292
goalpost 0.032039937 125 53 242 297
goalpost 0.031077642 0 48 105 373
goalpost 0.030995825 485 0 640 237
goalpost 0.030884145 569 3 616 33
goalpost 0.030731827 400 12 528 128
goalpost 0.030543914 152 13 199 160
goalpost 0.030524058 440 11 483 32
goalpost 0.030132357 620 88 640 393
goalpost 0.030114925 386 23 508 212
goalpost 0.029637218 454 52 609 425
goalpost 0.029557781 310 2 363 17
goalpost 0.029036423 614 0 640 258
goalpost 0.02901422 122 3 163 32
goalpost 0.028562337 423 408 527 480
goalpost 0.028547054 454 15 578 131
goalpost 0.028254738 3 278 35 477
goalpost 0.02803689 51 134 96 299
goalpost 0.027955268 411 141 613 480
goalpost 0.02795436 160 0 193 36
goalpost 0.027819317 151 330 288 480
goalpost 0.02779809 381 0 423 16
goalpost 0.026940903 24 188 72 409
goalpost 0.026857363 211 46 263 238
goalpost 0.026385877 192 22 337 359
goalpost 0.025929896 185 285 229 382
goalpost 0.025189593 434 0 577 275
goalpost 0.025121259 266 60 640 310
goalpost 0.024802623 316 461 348 480
goalpost 0.024160499 540 461 573 480
goalpost 0.024096137 231 228 247 262
goalpost 0.023985362 198 210 216 257
goalpost 0.023974676 265 69 424 290
