goalpost 0.86450166 157 1 204 71
goalpost 0.11463632 145 0 215 57
goalpost 0.0778773 164 0 199 59
goalpost 0.054100443 166 0 236 50
goalpost 0.051958732 0 32 24 121
goalpost 0.048762523 1 424 25 472
goalpost 0.048190374 0 5 34 130
goalpost 0.047752958 127 0 181 56
goalpost 0.047729716 162 0 204 108
goalpost 0.04376214 134 1 195 87
goalpost 0.042946856 0 0 30 146
goalpost 0.04135437 0 0 41 69
goalpost 0.041258387 204 0 275 51
goalpost 0.039470788 294 0 640 480
goalpost 0.038932852 607 0 631 9
goalpost 0.038474057 236 0 299 50
goalpost 0.036745425 627 0 640 36
goalpost 0.035225864 228 59 265 145
goalpost 0.034019448 263 0 297 23
goalpost 0.03374593 591 0 616 8
goalpost 0.032104723 152 0 195 52
goalpost 0.031142313 215 57 251 145
goalpost 0.03064457 611 2 623 31
goalpost 0.03013807 20 0 59 28
goalpost 0.028985025 0 7 19 147
goalpost 0.028901404 146 4 182 57
goalpost 0.028674949 14 426 36 473
goalpost 0.02850858 168 1 206 55
goalpost 0.027984159 365 0 640 480
goalpost 0.027565794 279 0 308 15
goalpost 0.027551204 440 1 548 290
goalpost 0.027196974 368 0 432 469
goalpost 0.02671991 0 4 32 210
goalpost 0.026390554 0 145 15 280
goalpost 0.02581309 261 0 298 39
goalpost 0.025470307 427 0 456 15
goalpost 0.024972372 161 0 217 79
goalpost 0.024712477 177 170 218 334
goalpost 0.023440873 13 0 64 56
goalpost 0.023211993 217 56 276 149
goalpost 0.023061918 611 0 640 197
goalpost 0.022922188 421 0 512 334
goalpost 0.022908138 618 0 640 13
goalpost 0.022907892 610 31 640 334
goalpost 0.02286967 171 4 195 81
goalpost 0.022753812 164 171 205 339
goalpost 0.022640971 573 0 600 10
goalpost 0.02258299 3 32 38 122
goalpost 0.0225536 34 0 71 24
goalpost 0.022459006 246 0 287 57
goalpost 0.02220065 441 0 471 17
goalpost 0.022168223 262 0 295 62
goalpost 0.02215889 0 163 18 261
goalpost 0.022069396 254 0 288 112
goalpost 0.021993682 150 0 204 91
goalpost 0.02184895 10 0 43 28
goalpost 0.021653213 628 0 640 18
goalpost 0.02150932 471 1 575 283
goalpost 0.021393063 0 36 48 134
goalpost 0.021256777 0 13 22 89
goalpost 0.02073708 4 409 23 458
goalpost 0.020565638 183 189 215 309
goalpost 0.02053525 54 0 88 20
goalpost 0.020444557 184 150 214 370
goalpost 0.02023244 0 197 18 269
goalpost 0.019924315 297 0 324 12
goalpost 0.019602742 410 0 440 15
goalpost 0.019103779 556 0 585 13
goalpost 0.019042114 627 0 639 62
goalpost 0.01904046 0 0 26 29
goalpost 0.018940667 72 0 104 17
goalpost 0.01868825 0 3 16 93
goalpost 0.01861248 607 0 626 6
goalpost 0.018271463 463 0 529 355
goalpost 0.018140402 170 156 200 379
goalpost 0.018053506 358 36 442 396
goalpost 0.017913762 203 65 262 158
goalpost 0.017807642 248 0 284 26
goalpost 0.017723642 0 228 17 379
goalpost 0.017623102 454 0 486 21
goalpost 0.017622542 0 342 49 480
goalpost 0.017581008 8 5 43 44
goalpost 0.017557083 590 0 612 11
goalpost 0.017468646 179 0 208 47
goalpost 0.017406229 539 0 569 16
goalpost 0.017324757 266 0 325 46
goalpost 0.017269457 0 0 46 120
goalpost 0.017248077 593 0 607 38
goalpost 0.017201416 0 68 23 145
goalpost 0.017104851 146 3 212 116
goalpost 0.016939526 374 274 442 382
goalpost 0.01685166 313 0 341 12
goalpost 0.01677093 2 416 19 480
goalpost 0.016735613 246 200 310 310
goalpost 0.016714811 80 391 96 480
goalpost 0.016643558 18 0 61 41
goalpost 0.016597824 149 65 207 480
goalpost 0.016571553 393 0 424 17
goalpost 0.016486906 79 300 95 441
goalpost 0.016360667 198 0 640 480
