goalpost 0.3335508 2 62 83 458
goalpost 0.3043508 495 54 640 401
goalpost 0.22309965 219 5 369 279
goalpost 0.20553808 0 0 161 384
goalpost 0.20264882 243 0 290 331
goalpost 0.20073137 29 0 135 217
goalpost 0.19647221 186 0 284 228
goalpost 0.17068517 14 0 67 168
goalpost 0.16908683 227 2 253 30
goalpost 0.15572645 168 6 251 253
goalpost 0.1555613 0 0 94 204
goalpost 0.15454593 350 0 469 240
goalpost 0.15063396 218 0 274 314
goalpost 0.15056677 616 0 638 54
goalpost 0.15019137 395 0 535 278
goalpost 0.14910074 305 0 424 246
goalpost 0.14049993 202 0 225 30
goalpost 0.13648129 60 1 222 357
goalpost 0.12621693 199 0 301 345
goalpost 0.12539372 249 2 280 23
goalpost 0.1195978 210 0 338 175
goalpost 0.118427664 486 31 605 318
goalpost 0.11736918 499 108 604 453
goalpost 0.11730003 527 31 587 249
goalpost 0.103276975 139 22 231 362
goalpost 0.10326156 247 189 276 296
goalpost 0.10022394 506 16 563 291
goalpost 0.09909661 22 17 59 65
goalpost 0.096838124 0 13 35 247
goalpost 0.09656401 0 205 29 480
goalpost 0.09379235 17 25 188 253
goalpost 0.091994815 352 13 616 296
goalpost 0.09000068 104 2 132 37
goalpost 0.08894665 0 232 208 480
goalpost 0.08475331 278 0 323 272
goalpost 0.083551936 170 0 456 274
goalpost 0.08144383 70 0 164 226
goalpost 0.08010143 128 3 154 41
goalpost 0.079394884 435 8 490 293
goalpost 0.078740925 601 156 640 362
goalpost 0.07742835 221 0 266 96
goalpost 0.07668906 237 179 267 293
goalpost 0.07648009 48 0 99 221
goalpost 0.074885055 404 7 451 52
goalpost 0.07442185 557 33 619 193
goalpost 0.0727107 477 4 515 98
goalpost 0.07200337 539 0 640 202
goalpost 0.07189515 458 0 636 359
goalpost 0.07148143 511 97 640 358
goalpost 0.07043969 398 0 458 115
goalpost 0.070110865 115 4 167 240
goalpost 0.07006647 453 109 550 400
goalpost 0.06968582 0 7 51 159
goalpost 0.06898441 436 170 640 450
goalpost 0.06879992 319 0 577 181
goalpost 0.068641126 509 371 558 480
goalpost 0.06663372 87 20 144 210
goalpost 0.06656273 49 231 110 414
goalpost 0.06535211 88 7 289 284
goalpost 0.064948544 444 10 478 48
goalpost 0.06354754 284 0 314 30
goalpost 0.063169025 110 0 217 215
goalpost 0.060455233 151 6 197 265
goalpost 0.059914812 465 6 520 296
goalpost 0.05986805 174 66 279 374
goalpost 0.059617154 563 47 640 410
goalpost 0.058852546 3 12 38 55
goalpost 0.05882493 512 1 544 106
goalpost 0.05864634 247 112 285 301
goalpost 0.058442783 164 0 187 31
goalpost 0.05831995 249 0 458 163
goalpost 0.056048773 464 201 600 480
goalpost 0.05556672 383 0 425 37
goalpost 0.054701906 435 0 484 110
goalpost 0.054071598 377 0 435 106
goalpost 0.05328878 20 0 182 140
goalpost 0.052656155 191 0 234 90
goalpost 0.04939991 0 279 76 480
goalpost 0.048823547 302 0 509 301
goalpost 0.047474995 0 306 19 480
goalpost 0.04733747 607 0 640 148
goalpost 0.047125593 482 9 508 45
goalpost 0.046515174 127 339 292 480
goalpost 0.04630662 577 1 608 33
goalpost 0.045974992 127 164 166 260
goalpost 0.045823168 37 306 235 480
goalpost 0.04542902 244 41 334 342
goalpost 0.044728596 0 58 263 345
goalpost 0.04332991 516 174 556 313
goalpost 0.04299173 126 0 257 157
goalpost 0.042154413 25 192 75 449
goalpost 0.03945338 555 225 626 377
goalpost 0.039337456 376 40 499 357
goalpost 0.03848415 600 75 637 279
goalpost 0.0384648 0 401 26 480
goalpost 0.038275786 516 3 538 36
goalpost 0.037560053 0 139 61 480
goalpost 0.037361927 522 381 582 480
goalpost 0.037107855 547 0 573 107
goalpost 0.037072543 94 226 134 435
