goalpost 0.37182847 489 0 640 385
goalpost 0.3276545 524 6 622 276
goalpost 0.23122339 469 36 616 480
goalpost 0.2075321 96 41 146 154
goalpost 0.16946009 605 54 640 210
goalpost 0.16377842 504 0 594 379
goalpost 0.162471 0 0 87 208
goalpost 0.14283538 389 89 407 134
goalpost 0.13937166 312 5 343 84
goalpost 0.119181246 529 0 581 254
goalpost 0.11238439 446 0 640 255
goalpost 0.110583454 609 4 638 45
goalpost 0.10983681 319 229 495 480
goalpost 0.1091841 431 110 564 480
goalpost 0.10512518 506 80 640 474
goalpost 0.104894005 563 7 612 249
goalpost 0.10247371 377 317 426 464
goalpost 0.095633745 490 0 512 31
goalpost 0.09428001 0 190 24 429
goalpost 0.08651282 353 1 378 27
goalpost 0.08571864 489 10 562 212
goalpost 0.08408256 59 2 94 100
goalpost 0.08194541 460 0 480 19
goalpost 0.08182271 514 1 556 163
goalpost 0.080049776 31 0 167 161
goalpost 0.07691201 358 151 531 480
goalpost 0.07620828 0 2 28 146
goalpost 0.07523435 382 413 412 480
goalpost 0.073722936 86 19 237 217
goalpost 0.07269803 574 6 610 41
goalpost 0.07179291 44 39 158 336
goalpost 0.071372144 606 0 640 114
goalpost 0.07074609 0 97 59 464
goalpost 0.06913152 375 268 572 480
goalpost 0.06758729 493 0 519 98
goalpost 0.064751424 594 0 640 141
goalpost 0.064538755 277 25 356 199
goalpost 0.06343218 490 35 516 169
goalpost 0.06252331 390 84 413 193
goalpost 0.061240494 542 7 580 52
goalpost 0.06027488 516 0 543 46
goalpost 0.057697188 484 0 640 155
goalpost 0.057490047 299 4 328 52
goalpost 0.05695268 318 3 348 49
goalpost 0.05598439 609 231 640 340
goalpost 0.054819558 0 54 125 463
goalpost 0.053450182 29 9 64 56
goalpost 0.053173907 49 22 101 166
goalpost 0.05241183 0 324 72 480
goalpost 0.050762307 480 60 548 375
goalpost 0.050523072 568 12 640 244
goalpost 0.049652774 398 288 453 480
goalpost 0.049401496 431 24 640 352
goalpost 0.04844155 353 63 386 189
goalpost 0.046978194 363 0 469 124
goalpost 0.044361923 303 0 331 87
goalpost 0.044303738 417 84 432 146
goalpost 0.044098884 612 443 636 480
goalpost 0.042338587 429 3 445 18
goalpost 0.04217983 59 4 96 43
goalpost 0.04162455 362 63 383 146
goalpost 0.041603573 353 404 386 480
goalpost 0.041339118 48 82 92 167
goalpost 0.04106279 94 96 164 157
goalpost 0.040521253 96 16 129 113
goalpost 0.040405653 609 144 640 248
goalpost 0.040295873 197 458 221 480
goalpost 0.03979986 324 0 396 204
goalpost 0.038177293 117 135 292 480
goalpost 0.038077667 28 0 68 117
goalpost 0.037917502 414 440 442 480
goalpost 0.03732994 0 326 146 480
goalpost 0.037088275 463 67 480 148
goalpost 0.03655885 481 459 508 480
goalpost 0.03643019 95 139 132 227
goalpost 0.036293294 459 62 516 349
goalpost 0.03586593 496 191 640 480
goalpost 0.035771716 0 216 385 480
goalpost 0.03552844 26 180 68 388
goalpost 0.035254706 0 430 24 480
goalpost 0.034657124 575 241 608 354
goalpost 0.03369276 363 27 428 317
goalpost 0.03227544 34 45 79 178
goalpost 0.03187668 239 9 318 194
goalpost 0.030416396 196 331 344 480
goalpost 0.030414721 353 316 398 434
goalpost 0.02976879 0 239 191 480
goalpost 0.029644871 299 214 421 480
goalpost 0.029523231 316 349 455 480
goalpost 0.029421808 297 0 358 243
goalpost 0.029010575 78 350 205 480
goalpost 0.02891978 384 1 405 21
goalpost 0.028373398 131 347 262 480
goalpost 0.027701981 371 357 524 480
goalpost 0.027520413 96 86 307 263
goalpost 0.02737332 570 148 610 260
goalpost 0.027289068 301 87 328 225
goalpost 0.027167229 190 118 279 424
goalpost 0.02710977 60 457 92 480
goalpost 0.026779104 376 23 443 210
