goalpost 0.4256153 587 0 612 35
goalpost 0.39104748 515 0 547 47
goalpost 0.35082492 68 146 94 226
goalpost 0.26676375 265 0 298 123
goalpost 0.25157985 598 2 623 38
goalpost 0.24341159 403 33 624 480
goalpost 0.2157583 433 0 544 206
goalpost 0.19781637 295 8 409 270
goalpost 0.19724235 269 0 320 257
goalpost 0.17768636 273 5 311 132
goalpost 0.17750716 443 0 494 133
goalpost 0.16824642 267 0 347 309
goalpost 0.15655643 336 63 390 208
goalpost 0.14694297 461 0 517 156
goalpost 0.14492552 228 0 313 206
goalpost 0.14473143 536 0 565 41
goalpost 0.13765776 343 42 541 442
goalpost 0.13244869 481 0 624 373
goalpost 0.12950158 62 5 99 95
goalpost 0.124614395 0 0 22 105
goalpost 0.12245243 469 0 557 242
goalpost 0.11569582 1 148 22 248
goalpost 0.11080499 473 0 604 167
goalpost 0.1037653 378 38 419 175
goalpost 0.10292075 498 0 588 268
goalpost 0.1025085 391 0 552 344
goalpost 0.09953958 610 44 635 206
goalpost 0.09837517 180 0 270 194
goalpost 0.09749245 349 17 452 276
goalpost 0.09550814 602 38 632 112
goalpost 0.0922133 253 10 349 200
goalpost 0.0914756 304 40 367 287
goalpost 0.088946156 229 0 257 109
goalpost 0.08741528 483 18 640 254
goalpost 0.086560614 605 43 640 298
goalpost 0.08620168 498 4 551 150
goalpost 0.08527687 279 15 314 64
goalpost 0.08476884 284 0 413 128
goalpost 0.08290234 408 7 462 152
goalpost 0.081728056 324 76 428 441
goalpost 0.080964826 476 4 519 59
goalpost 0.07771253 391 0 487 201
goalpost 0.07055916 242 56 315 287
goalpost 0.06829691 320 0 363 111
goalpost 0.06804623 311 172 519 480
goalpost 0.06352776 234 0 377 151
goalpost 0.06297773 535 14 572 116
goalpost 0.05814505 525 0 609 221
goalpost 0.057689473 580 8 617 58
goalpost 0.05764382 264 9 295 65
goalpost 0.05549168 340 0 391 103
goalpost 0.05461966 203 89 333 417
goalpost 0.054372735 232 40 259 128
goalpost 0.052996848 564 27 611 136
goalpost 0.05265734 93 128 197 302
goalpost 0.05062509 611 448 634 480
goalpost 0.05010318 469 100 640 480
goalpost 0.049610276 38 141 78 221
goalpost 0.049351282 369 82 476 315
goalpost 0.048385374 280 35 376 405
goalpost 0.048116054 349 8 380 48
goalpost 0.04754242 154 0 201 95
goalpost 0.0463964 448 8 488 78
goalpost 0.04620685 196 15 398 254
goalpost 0.04617359 157 94 181 127
goalpost 0.045410566 0 133 15 200
goalpost 0.04523398 28 6 76 95
goalpost 0.044529483 532 5 568 78
goalpost 0.04344366 0 202 16 259
goalpost 0.04226629 587 0 640 220
goalpost 0.041216075 381 0 419 117
goalpost 0.0410774 199 0 228 102
goalpost 0.040832333 550 0 640 164
goalpost 0.04056438 226 0 258 49
goalpost 0.038098752 325 6 356 45
goalpost 0.03774527 532 25 581 156
goalpost 0.037067845 82 140 119 213
goalpost 0.036628332 15 102 117 322
goalpost 0.03660721 237 127 403 454
goalpost 0.03623013 318 284 476 480
goalpost 0.03610112 0 0 77 184
goalpost 0.036052126 0 0 132 164
goalpost 0.035391882 95 0 253 129
goalpost 0.034426283 0 290 71 480
goalpost 0.033985823 354 193 612 480
goalpost 0.03351023 416 456 444 480
goalpost 0.033079736 111 105 227 262
goalpost 0.031661328 425 12 640 373
goalpost 0.03154091 67 56 96 98
goalpost 0.030833455 0 160 62 426
goalpost 0.030716622 155 117 184 166
goalpost 0.03049088 366 271 534 480
goalpost 0.030363193 152 0 284 108
goalpost 0.029631203 0 81 73 360
goalpost 0.029072883 573 4 640 354
goalpost 0.028980978 449 459 475 480
goalpost 0.028624814 351 0 478 132
goalpost 0.028091975 610 119 640 378
goalpost 0.028027948 0 258 134 480
goalpost 0.027469186 555 55 640 454
