goalpost 0.910768 148 0 251 282
goalpost 0.15674172 87 2 263 276
goalpost 0.08726434 113 0 275 333
goalpost 0.08381258 171 0 238 283
goalpost 0.07302425 492 0 516 9
goalpost 0.06563138 111 0 243 224
goalpost 0.06281578 397 0 420 8
goalpost 0.057838164 383 0 408 7
goalpost 0.05731247 481 0 504 9
goalpost 0.0534994 495 0 512 32
goalpost 0.051645044 116 0 310 381
goalpost 0.049024086 149 0 266 205
goalpost 0.047426652 411 0 434 10
goalpost 0.04554539 110 9 228 317
goalpost 0.045107335 493 0 512 7
goalpost 0.044790156 626 170 640 294
goalpost 0.042945467 15 0 236 345
goalpost 0.03361612 503 0 528 8
goalpost 0.03262798 367 0 391 7
goalpost 0.032501865 397 0 415 2
goalpost 0.03146248 62 11 210 253
goalpost 0.031434044 463 0 485 9
goalpost 0.031358667 428 0 450 11
goalpost 0.031264443 149 0 215 284
goalpost 0.031161705 0 0 21 24
goalpost 0.030339565 412 0 430 4
goalpost 0.027629318 382 0 401 4
goalpost 0.027410472 445 0 467 11
goalpost 0.026496625 463 0 479 40
goalpost 0.026033321 251 0 278 15
goalpost 0.025798324 382 0 400 32
goalpost 0.025777593 268 0 293 13
goalpost 0.025711384 554 157 640 480
goalpost 0.025385939 338 185 380 358
goalpost 0.025225736 134 0 170 21
goalpost 0.025179708 626 122 640 253
goalpost 0.025174277 429 0 446 6
goalpost 0.024789236 233 0 264 19
goalpost 0.024744676 1 25 13 123
goalpost 0.024732484 625 34 640 184
goalpost 0.024724834 448 0 463 36
goalpost 0.024486486 479 0 496 35
goalpost 0.02430781 350 0 373 8
goalpost 0.024165206 531 305 582 480
goalpost 0.023963988 146 414 191 480
goalpost 0.023381472 334 0 358 11
goalpost 0.023188338 510 0 527 38
goalpost 0.022673765 1 3 13 71
goalpost 0.021741502 625 87 640 226
goalpost 0.021719297 504 0 534 172
goalpost 0.02167036 432 0 447 33
goalpost 0.021166911 344 158 375 387
goalpost 0.021035034 445 0 463 8
goalpost 0.021033473 0 5 20 37
goalpost 0.02087743 147 0 184 22
goalpost 0.0206191 83 0 251 480
goalpost 0.02058024 0 0 16 32
goalpost 0.02051176 325 187 366 354
goalpost 0.020466035 120 0 155 20
goalpost 0.02046026 341 0 401 32
goalpost 0.020141724 625 202 640 325
goalpost 0.020131 284 0 308 13
goalpost 0.019968806 498 0 512 13
goalpost 0.019721992 504 59 568 167
goalpost 0.019611573 519 0 547 10
goalpost 0.019560669 460 191 485 303
goalpost 0.019403111 0 223 17 374
goalpost 0.019257877 0 42 13 106
goalpost 0.019144213 503 294 535 390
goalpost 0.019102912 509 277 528 429
goalpost 0.019062197 197 0 372 292
goalpost 0.018983591 12 0 35 19
goalpost 0.018976728 506 0 525 6
goalpost 0.018971078 398 0 415 28
goalpost 0.01891143 150 390 215 480
goalpost 0.018874433 463 173 482 321
goalpost 0.018869784 544 346 633 480
goalpost 0.018868195 610 44 640 298
goalpost 0.018769521 357 0 477 480
goalpost 0.018632125 163 2 245 202
goalpost 0.018517623 215 0 250 23
goalpost 0.018129906 318 0 342 13
goalpost 0.0180781 386 255 429 422
goalpost 0.018067123 114 0 267 480
goalpost 0.017971452 520 0 549 173
goalpost 0.017871598 494 0 513 74
goalpost 0.017822444 179 12 261 406
goalpost 0.017624423 327 212 388 329
goalpost 0.017529937 626 0 640 77
goalpost 0.017466234 343 182 395 410
goalpost 0.017279008 150 0 382 241
goalpost 0.01717387 415 0 431 32
goalpost 0.017167045 160 0 286 480
goalpost 0.01711401 285 0 303 10
goalpost 0.016989203 437 13 489 154
goalpost 0.016979141 0 54 15 134
goalpost 0.016946644 192 0 262 280
goalpost 0.016897518 0 14 19 52
goalpost 0.0168768 0 23 14 78
goalpost 0.016860874 26 0 54 17
