goalpost 0.3679911 466 0 640 394
goalpost 0.25347808 358 0 547 400
goalpost 0.2250708 606 0 640 238
goalpost 0.21680012 31 0 77 112
goalpost 0.2081155 521 0 545 14
goalpost 0.20667373 173 3 188 37
goalpost 0.19702372 358 0 379 19
goalpost 0.18928504 401 86 595 427
goalpost 0.16448115 39 0 69 30
goalpost 0.15801549 561 22 620 256
goalpost 0.13561547 500 0 601 300
goalpost 0.13301879 101 2 124 30
goalpost 0.1311092 414 164 460 365
goalpost 0.13056302 0 38 19 179
goalpost 0.12982714 398 16 493 385
goalpost 0.12712364 535 0 563 13
goalpost 0.1256712 132 5 149 43
goalpost 0.122321814 311 0 373 169
goalpost 0.12106951 260 11 370 210
goalpost 0.11825935 607 26 640 99
goalpost 0.11651224 170 0 355 336
goalpost 0.115154795 511 65 640 442
goalpost 0.10793964 377 0 399 15
goalpost 0.106922776 84 125 131 319
goalpost 0.10172588 372 115 512 436
goalpost 0.098318756 432 181 481 357
goalpost 0.09685054 521 7 640 236
goalpost 0.09592789 55 54 87 195
goalpost 0.090513185 129 1 148 69
goalpost 0.08999752 50 0 87 103
goalpost 0.08986821 458 6 483 73
goalpost 0.089448035 334 4 392 157
goalpost 0.088997975 0 0 91 197
goalpost 0.08631784 197 0 215 21
goalpost 0.08426433 200 0 298 288
goalpost 0.0840724 477 0 581 208
goalpost 0.079536155 16 51 90 355
goalpost 0.07929576 289 1 320 22
goalpost 0.078560896 509 40 553 199
goalpost 0.0775188 0 132 88 419
goalpost 0.074118175 101 6 122 81
goalpost 0.07398057 98 0 161 339
goalpost 0.07343659 64 105 115 321
goalpost 0.073027804 53 2 87 33
goalpost 0.072739914 0 11 24 145
goalpost 0.0722739 454 2 477 30
goalpost 0.071109 319 37 489 256
goalpost 0.0701079 227 0 247 15
goalpost 0.07000907 426 8 452 79
goalpost 0.067237645 486 1 510 23
goalpost 0.06595862 174 0 190 80
goalpost 0.0658665 0 10 23 49
goalpost 0.062238574 263 0 288 18
goalpost 0.062028356 572 0 613 26
goalpost 0.06110836 328 0 356 23
goalpost 0.05942569 605 131 640 275
goalpost 0.05885696 354 57 640 320
goalpost 0.05769784 45 0 118 355
goalpost 0.056928612 525 45 587 216
goalpost 0.056164544 41 31 74 162
goalpost 0.054871734 22 190 195 480
goalpost 0.05456821 16 133 137 374
goalpost 0.053674676 522 7 581 105
goalpost 0.05357582 43 0 152 159
goalpost 0.053337466 89 222 133 329
goalpost 0.053288747 63 145 179 346
goalpost 0.052196488 474 112 625 480
goalpost 0.052146982 3 152 26 258
goalpost 0.051256835 479 0 513 74
goalpost 0.05084879 356 0 458 268
goalpost 0.049048033 376 149 434 353
goalpost 0.04798183 491 0 640 170
goalpost 0.047883116 430 8 451 47
goalpost 0.04787067 127 17 164 163
goalpost 0.04755401 566 0 640 144
goalpost 0.04742473 298 0 438 199
goalpost 0.04684089 422 84 456 230
goalpost 0.046498023 278 0 414 308
goalpost 0.045689985 195 8 218 84
goalpost 0.044947658 87 270 131 363
goalpost 0.044899344 510 0 557 90
goalpost 0.044884022 535 100 588 334
goalpost 0.044813823 565 14 630 149
goalpost 0.04471305 437 0 573 345
goalpost 0.04447446 162 0 244 270
goalpost 0.04427878 333 0 472 138
goalpost 0.04378313 73 17 340 258
goalpost 0.043417912 285 5 324 88
goalpost 0.04311021 438 293 475 390
goalpost 0.041601107 380 33 428 220
goalpost 0.041050613 606 205 640 310
goalpost 0.040983513 39 292 201 480
goalpost 0.04084001 121 0 205 266
goalpost 0.03984167 336 179 418 423
goalpost 0.039778583 364 0 508 169
goalpost 0.039342254 420 1 502 223
goalpost 0.038834095 358 103 445 423
goalpost 0.038746174 405 0 622 211
goalpost 0.038556036 23 0 110 225
goalpost 0.038433515 578 0 640 344
