goalpost 0.90847254 174 13 279 311
goalpost 0.06925772 628 0 640 49
goalpost 0.06682836 139 2 255 283
goalpost 0.051371112 159 0 300 370
goalpost 0.04761951 173 0 244 317
goalpost 0.037634328 1 0 13 88
goalpost 0.03693072 621 0 640 28
goalpost 0.035708923 2 21 12 125
goalpost 0.035557263 0 114 16 267
goalpost 0.03547058 621 4 640 38
goalpost 0.03412088 476 0 640 412
goalpost 0.033394095 0 136 17 216
goalpost 0.03329229 184 40 266 457
goalpost 0.032129105 136 12 169 95
goalpost 0.031032654 611 0 635 20
goalpost 0.030957438 0 35 14 113
goalpost 0.030416887 0 241 15 402
goalpost 0.029405113 198 0 268 322
goalpost 0.0275711 0 56 14 131
goalpost 0.026768116 0 110 14 211
goalpost 0.025845207 0 0 20 29
goalpost 0.025310893 0 27 12 96
goalpost 0.024169613 379 0 549 312
goalpost 0.02401671 614 5 636 31
goalpost 0.023877947 91 227 129 480
goalpost 0.023692703 0 134 19 249
goalpost 0.023617499 621 12 640 59
goalpost 0.023586256 612 9 636 44
goalpost 0.022944646 359 40 594 412
goalpost 0.022515623 0 89 19 310
goalpost 0.022188708 610 0 630 24
goalpost 0.02164038 0 0 546 435
goalpost 0.021253096 433 26 640 418
goalpost 0.021010773 0 426 31 474
goalpost 0.020769961 453 397 490 479
goalpost 0.0207406 0 7 14 71
goalpost 0.020569623 1 221 15 336
goalpost 0.02049641 82 174 137 480
goalpost 0.020375805 0 167 15 299
goalpost 0.020331366 0 138 21 194
goalpost 0.020071218 626 4 640 73
goalpost 0.020027665 145 0 313 318
goalpost 0.019956622 0 221 20 452
goalpost 0.01995287 49 228 122 480
goalpost 0.01986394 5 427 45 475
goalpost 0.01953489 28 0 53 18
goalpost 0.01947668 78 300 95 446
goalpost 0.019222353 0 0 320 474
goalpost 0.019218996 0 262 18 377
goalpost 0.018965568 0 0 17 38
goalpost 0.01896398 0 129 32 380
goalpost 0.01889634 12 0 34 22
goalpost 0.018445069 70 323 104 480
goalpost 0.018322328 0 66 18 117
goalpost 0.01823777 518 0 640 480
goalpost 0.01808787 288 0 640 480
goalpost 0.017969768 161 0 286 204
goalpost 0.01767584 159 316 176 479
goalpost 0.017606948 374 398 410 480
goalpost 0.017601676 0 83 17 146
goalpost 0.017514898 164 0 287 480
goalpost 0.01735704 149 10 182 97
goalpost 0.01732811 48 0 63 51
goalpost 0.017140588 0 208 17 289
goalpost 0.017110271 0 335 50 480
goalpost 0.016797936 2 0 15 53
goalpost 0.016690783 142 0 163 98
goalpost 0.01667966 415 41 431 204
goalpost 0.016671332 410 0 437 230
goalpost 0.016459504 150 0 219 295
goalpost 0.01598287 138 0 167 82
goalpost 0.015789652 609 16 635 56
goalpost 0.015428427 74 257 101 462
goalpost 0.015395251 0 0 16 59
goalpost 0.015105992 235 0 298 304
goalpost 0.015076054 0 245 17 340
goalpost 0.014976369 0 0 52 64
goalpost 0.014975398 1 69 15 156
goalpost 0.014974582 0 99 17 159
goalpost 0.014779971 42 0 68 17
goalpost 0.014768926 0 33 17 84
goalpost 0.014768525 0 113 18 180
goalpost 0.014714809 386 0 640 480
goalpost 0.014687229 132 0 173 69
goalpost 0.014621399 0 2 19 45
goalpost 0.014613727 0 37 47 138
goalpost 0.014535184 142 6 189 122
goalpost 0.014508467 436 418 479 480
goalpost 0.014481419 0 165 19 274
goalpost 0.014314891 505 0 583 362
goalpost 0.0142389145 240 0 402 323
goalpost 0.01423674 348 0 486 94
goalpost 0.0142095825 426 0 536 112
goalpost 0.014157118 0 119 22 164
goalpost 0.01414557 89 0 216 217
goalpost 0.014134648 625 20 640 112
goalpost 0.014062186 154 260 182 478
goalpost 0.01403227 106 0 278 373
goalpost 0.0139678875 535 391 598 480
goalpost 0.0139006395 158 372 176 480
