goalpost 0.96684915 353 0 423 302
goalpost 0.2033702 358 24 447 328
goalpost 0.1841924 0 141 16 327
goalpost 0.13228916 0 117 19 353
goalpost 0.074180655 629 0 640 76
goalpost 0.06262853 0 166 20 307
goalpost 0.050176013 342 0 402 283
goalpost 0.042206384 62 345 78 454
goalpost 0.03813108 358 0 393 218
goalpost 0.0353386 0 150 23 340
goalpost 0.034662127 1 114 29 356
goalpost 0.034631018 1 16 13 136
goalpost 0.03314884 626 0 640 136
goalpost 0.032454107 498 0 556 176
goalpost 0.0320549 627 0 640 50
goalpost 0.03174915 60 343 76 426
goalpost 0.031641155 351 4 397 156
goalpost 0.031483542 61 365 81 480
goalpost 0.0302175 1 0 14 92
goalpost 0.030063042 628 166 639 256
goalpost 0.027349968 0 161 18 260
goalpost 0.027337981 0 209 16 354
goalpost 0.026406236 360 0 458 260
goalpost 0.02608993 0 170 36 365
goalpost 0.02575262 613 58 640 258
goalpost 0.024949834 620 0 640 34
goalpost 0.024769146 1 54 13 172
goalpost 0.024454284 0 260 19 338
goalpost 0.024391055 0 62 14 148
goalpost 0.024151558 627 102 639 226
goalpost 0.0240429 335 6 477 393
goalpost 0.023672482 0 133 15 242
goalpost 0.023476657 627 189 640 290
goalpost 0.023339344 532 319 582 480
goalpost 0.023183465 349 0 478 480
goalpost 0.022920363 87 321 132 480
goalpost 0.02279914 0 31 15 120
goalpost 0.02255294 0 52 30 281
goalpost 0.021722205 0 138 32 298
goalpost 0.021664033 109 0 286 455
goalpost 0.02137597 0 260 15 358
goalpost 0.02133948 0 177 20 387
goalpost 0.021227911 626 57 639 204
goalpost 0.020609781 343 0 384 167
goalpost 0.020465171 1 311 15 419
goalpost 0.020211162 0 15 14 86
goalpost 0.02020995 507 0 546 207
goalpost 0.020091202 0 84 16 167
goalpost 0.020083245 594 333 640 480
goalpost 0.020027885 366 0 428 243
goalpost 0.019843224 613 0 640 167
goalpost 0.019777635 597 430 638 466
goalpost 0.019510422 620 0 640 48
goalpost 0.019503668 59 330 80 416
goalpost 0.01929905 359 0 390 168
goalpost 0.019126805 606 0 632 23
goalpost 0.019118667 404 406 477 480
goalpost 0.019091194 505 0 537 197
goalpost 0.018748796 603 7 640 164
goalpost 0.018262288 437 313 474 398
goalpost 0.018220866 0 218 21 323
goalpost 0.01808009 0 0 22 32
goalpost 0.01791325 537 333 568 411
goalpost 0.017210584 520 399 586 480
goalpost 0.017143922 551 357 631 480
goalpost 0.017062176 0 184 43 318
goalpost 0.016945262 377 42 490 282
goalpost 0.016737174 495 3 545 145
goalpost 0.016708001 325 404 397 480
goalpost 0.016680215 226 0 406 415
goalpost 0.016470578 334 323 465 480
goalpost 0.016415415 53 345 70 449
goalpost 0.01630833 535 413 570 480
goalpost 0.01625583 390 411 460 480
goalpost 0.016231421 439 408 507 480
goalpost 0.016217258 453 315 489 395
goalpost 0.016217053 626 360 640 454
goalpost 0.016037468 507 313 556 480
goalpost 0.016009381 571 124 596 221
goalpost 0.015983816 408 0 441 24
goalpost 0.015925488 1 345 17 480
goalpost 0.015872138 374 402 446 480
goalpost 0.015783872 626 285 640 415
goalpost 0.015701514 0 296 19 358
goalpost 0.015699066 620 11 640 76
goalpost 0.01568287 49 354 119 480
goalpost 0.015600254 253 338 304 468
goalpost 0.015543984 423 0 456 25
goalpost 0.015444169 603 57 640 195
goalpost 0.015439369 505 21 552 214
goalpost 0.015438955 604 278 640 480
goalpost 0.015426406 620 161 640 228
goalpost 0.015392476 550 319 584 397
goalpost 0.015324679 0 146 19 226
goalpost 0.0153091 3 143 38 338
goalpost 0.015290093 626 204 640 333
goalpost 0.015168093 56 0 339 480
goalpost 0.015160503 626 325 640 434
goalpost 0.015149421 621 19 640 117
goalpost 0.015073365 24 151 291 480
