goalpost 0.4370215 26 0 60 345
goalpost 0.41420823 181 57 313 466
goalpost 0.39957002 237 19 325 240
goalpost 0.34587583 479 152 503 220
goalpost 0.32089508 16 0 77 278
goalpost 0.2936654 244 0 292 277
goalpost 0.2874766 215 0 289 431
goalpost 0.2814733 222 0 258 250
goalpost 0.26898283 282 27 317 246
goalpost 0.24205378 2 21 51 285
goalpost 0.23783557 321 30 356 184
goalpost 0.19459763 206 13 287 233
goalpost 0.17948826 25 16 56 81
goalpost 0.17778108 195 0 263 417
goalpost 0.17521796 401 72 422 136
goalpost 0.16036019 605 84 640 222
goalpost 0.15883665 199 2 234 200
goalpost 0.15424576 128 191 294 480
goalpost 0.15382706 108 0 133 184
goalpost 0.14792256 148 115 252 449
goalpost 0.14279406 127 69 187 405
goalpost 0.1340178 18 0 51 180
goalpost 0.12969981 483 119 524 310
goalpost 0.12826204 391 237 405 263
goalpost 0.12463797 251 20 289 63
goalpost 0.12042967 289 19 321 57
goalpost 0.119188696 479 133 499 163
goalpost 0.11078138 503 143 539 238
goalpost 0.10623361 316 9 344 40
goalpost 0.10565988 96 221 212 480
goalpost 0.103024624 165 18 188 154
goalpost 0.102518134 280 11 318 140
goalpost 0.101249225 322 110 356 259
goalpost 0.097151235 63 0 92 26
goalpost 0.09687773 165 0 186 37
goalpost 0.09466187 463 147 486 207
goalpost 0.09282789 114 0 162 354
goalpost 0.09185388 390 243 407 279
goalpost 0.08674723 6 5 42 38
goalpost 0.0849732 227 13 262 96
goalpost 0.07601936 7 105 38 312
goalpost 0.0755199 243 0 384 188
goalpost 0.07504907 610 1 640 25
goalpost 0.07402629 7 0 114 166
goalpost 0.07229669 187 0 234 320
goalpost 0.07109407 201 0 228 57
goalpost 0.06873567 345 22 413 217
goalpost 0.06803378 170 0 216 272
goalpost 0.065428056 584 93 625 208
goalpost 0.065242134 287 162 321 335
goalpost 0.06316636 51 148 178 466
goalpost 0.06079393 495 112 600 284
goalpost 0.059538364 510 143 537 179
goalpost 0.05935924 192 237 343 480
goalpost 0.058438394 145 5 162 50
goalpost 0.05734266 79 0 122 350
goalpost 0.05709663 155 9 277 254
goalpost 0.056751918 128 12 151 170
goalpost 0.056463547 483 5 565 196
goalpost 0.05634523 109 271 270 480
goalpost 0.054169513 438 0 520 198
goalpost 0.053342305 317 13 350 110
goalpost 0.05289271 76 56 152 423
goalpost 0.051355265 612 133 640 232
goalpost 0.05079709 348 51 373 151
goalpost 0.0504724 230 129 300 480
goalpost 0.05004419 0 32 90 447
goalpost 0.05003655 536 73 604 329
goalpost 0.049514804 444 83 527 371
goalpost 0.044621557 558 83 640 269
goalpost 0.044210516 326 170 414 469
goalpost 0.043937564 48 0 175 134
goalpost 0.04375909 287 261 321 381
goalpost 0.04260798 327 277 354 384
goalpost 0.042229757 120 240 169 436
goalpost 0.041863557 487 160 547 317
goalpost 0.041520968 475 80 508 137
goalpost 0.040922083 71 350 194 480
goalpost 0.040491894 569 132 628 317
goalpost 0.039679203 408 72 437 110
goalpost 0.038626265 103 4 123 114
goalpost 0.038397335 571 332 640 480
goalpost 0.03791487 268 94 348 329
goalpost 0.037796386 551 0 640 198
goalpost 0.0377376 482 78 608 453
goalpost 0.03754028 8 97 51 400
goalpost 0.036585122 98 3 117 72
goalpost 0.03640736 59 0 98 85
goalpost 0.035243552 613 447 639 480
goalpost 0.035119373 371 179 482 389
goalpost 0.035110004 614 27 640 91
goalpost 0.03449804 324 171 347 329
goalpost 0.03428173 44 19 92 351
goalpost 0.033712696 392 259 414 364
goalpost 0.03367652 573 0 640 113
goalpost 0.03280249 371 219 386 270
goalpost 0.03261667 615 69 640 234
goalpost 0.03193699 218 0 306 173
goalpost 0.031362616 168 0 186 93
goalpost 0.031214906 0 0 77 180
