goalpost 0.29245737 290 13 323 263
goalpost 0.25253987 503 49 553 169
goalpost 0.22323264 606 38 634 181
goalpost 0.20129988 335 5 535 226
goalpost 0.20005831 449 0 599 204
goalpost 0.19955383 318 0 393 254
goalpost 0.18795896 198 0 233 53
goalpost 0.18696252 91 67 120 84
goalpost 0.18247648 513 0 623 202
goalpost 0.17043434 249 0 329 235
goalpost 0.17033575 295 0 368 267
goalpost 0.15867233 435 0 502 97
goalpost 0.15596269 185 0 267 233
goalpost 0.14937626 574 30 622 175
goalpost 0.14612526 355 0 457 252
goalpost 0.13613579 293 0 436 241
goalpost 0.13603377 376 0 410 22
goalpost 0.13026686 533 52 579 188
goalpost 0.12887478 216 0 253 50
goalpost 0.12139154 470 4 531 170
goalpost 0.11745335 0 1 19 54
goalpost 0.114304185 289 12 323 83
goalpost 0.11317113 432 19 502 181
goalpost 0.105695665 62 66 92 84
goalpost 0.09982641 488 11 574 226
goalpost 0.09737885 0 255 19 392
goalpost 0.09686649 609 262 640 441
goalpost 0.09300123 406 7 544 171
goalpost 0.09188241 408 72 462 219
goalpost 0.090376794 574 2 640 192
goalpost 0.087081134 0 72 16 158
goalpost 0.08431245 310 2 342 42
goalpost 0.08177357 260 23 290 240
goalpost 0.081383765 0 107 20 210
goalpost 0.07874862 64 37 101 63
goalpost 0.077848375 249 0 383 178
goalpost 0.07779868 263 0 301 96
goalpost 0.07712799 535 4 575 31
goalpost 0.07644956 363 0 392 26
goalpost 0.0710596 519 0 548 36
goalpost 0.07048802 396 0 592 237
goalpost 0.07014256 49 0 158 195
goalpost 0.070090786 86 74 130 145
goalpost 0.068652086 263 0 294 50
goalpost 0.06847547 432 59 489 244
goalpost 0.067900494 51 68 97 153
goalpost 0.067724906 29 243 78 374
goalpost 0.06765381 123 71 146 92
goalpost 0.06338639 368 38 425 245
goalpost 0.060875453 375 0 425 110
goalpost 0.059042964 523 8 592 124
goalpost 0.059034113 0 14 15 75
goalpost 0.058690697 57 4 107 47
goalpost 0.058439437 402 8 470 203
goalpost 0.057694785 29 103 66 190
goalpost 0.05647885 445 3 485 51
goalpost 0.055879302 99 0 191 197
goalpost 0.05506661 614 128 636 194
goalpost 0.054542627 119 77 153 147
goalpost 0.054268755 505 5 562 128
goalpost 0.05373019 284 0 422 133
goalpost 0.052965373 617 160 638 245
goalpost 0.052291315 206 19 229 53
goalpost 0.05166595 538 0 640 132
goalpost 0.050514754 0 0 68 193
goalpost 0.049325503 610 12 640 104
goalpost 0.04926636 92 42 123 69
goalpost 0.047972888 231 48 258 161
goalpost 0.04602044 275 18 331 331
goalpost 0.045046657 145 0 223 203
goalpost 0.044688363 40 37 153 325
goalpost 0.043961056 89 6 133 44
goalpost 0.042674016 619 9 640 211
goalpost 0.04235343 0 148 16 245
goalpost 0.041087087 62 115 91 186
goalpost 0.04079573 263 29 370 360
goalpost 0.040290773 561 143 640 416
goalpost 0.040007517 49 54 197 226
goalpost 0.039358187 208 0 392 126
goalpost 0.038338564 577 0 640 346
goalpost 0.037137516 406 0 466 99
goalpost 0.03711021 85 0 272 115
goalpost 0.03703346 231 46 250 118
goalpost 0.036555827 611 158 640 430
goalpost 0.03503925 127 6 160 46
goalpost 0.034678333 211 32 273 229
goalpost 0.03412317 298 0 352 108
goalpost 0.03350477 225 4 250 75
goalpost 0.03332088 414 0 451 37
goalpost 0.033271763 32 4 79 47
goalpost 0.03217813 235 32 328 387
goalpost 0.032063466 32 75 73 161
goalpost 0.031929996 605 0 640 256
goalpost 0.02969756 559 0 640 228
goalpost 0.02968055 618 217 639 316
goalpost 0.029374968 593 196 640 440
goalpost 0.029180482 0 57 9 119
goalpost 0.029107975 421 0 640 271
goalpost 0.029080886 207 63 227 104
goalpost 0.029075086 342 0 482 128
