goalpost 0.9711159 162 0 269 369
goalpost 0.5872759 0 2 22 260
goalpost 0.17351454 0 11 18 199
goalpost 0.11053968 0 59 21 300
goalpost 0.10474309 168 0 282 480
goalpost 0.09932366 199 0 266 368
goalpost 0.085757986 3 0 30 273
goalpost 0.06246254 629 8 640 52
goalpost 0.056946773 1 0 14 109
goalpost 0.053408533 183 0 248 384
goalpost 0.045569908 0 25 27 222
goalpost 0.044647083 386 0 405 12
goalpost 0.041178014 372 0 390 13
goalpost 0.03811495 397 0 418 11
goalpost 0.036892865 0 6 19 136
goalpost 0.036674798 369 0 384 15
goalpost 0.035848483 2 56 21 213
goalpost 0.035536632 368 0 383 37
goalpost 0.0336219 626 205 640 376
goalpost 0.03294605 357 0 377 15
goalpost 0.03190875 0 125 18 297
goalpost 0.03186827 0 0 35 327
goalpost 0.031621404 400 0 415 34
goalpost 0.031586286 0 0 32 199
goalpost 0.030126413 0 0 15 82
goalpost 0.02989362 629 27 639 120
goalpost 0.029861582 154 21 242 428
goalpost 0.029764678 384 0 400 12
goalpost 0.029735446 173 96 246 375
goalpost 0.02911365 447 0 467 18
goalpost 0.029033251 0 69 33 314
goalpost 0.028463645 628 0 640 40
goalpost 0.028089508 628 34 639 163
goalpost 0.027436877 448 0 463 46
goalpost 0.027222766 507 327 553 480
goalpost 0.026656242 589 0 609 17
goalpost 0.026463453 629 20 640 91
goalpost 0.026156006 212 0 400 384
goalpost 0.026017465 0 0 16 46
goalpost 0.02597236 286 0 305 104
goalpost 0.025167806 593 423 640 477
goalpost 0.024631124 0 280 15 438
goalpost 0.024615768 620 187 640 434
goalpost 0.024035908 594 7 607 44
goalpost 0.023877736 606 2 624 22
goalpost 0.023867058 573 0 594 16
goalpost 0.02366078 433 0 452 13
goalpost 0.023552138 72 5 309 373
goalpost 0.023105102 619 0 639 28
goalpost 0.023059834 594 335 640 480
goalpost 0.022616427 626 52 640 198
goalpost 0.022508759 0 0 302 439
goalpost 0.02231692 103 0 293 416
goalpost 0.022170832 412 0 432 9
goalpost 0.021094605 280 0 309 91
goalpost 0.0208872 505 165 560 480
goalpost 0.02078166 590 9 610 29
goalpost 0.02076089 190 0 285 254
goalpost 0.020694092 510 224 549 480
goalpost 0.020635987 619 8 638 38
goalpost 0.020511102 610 80 640 350
goalpost 0.020413663 527 138 585 480
goalpost 0.020263799 613 15 623 47
goalpost 0.020191552 0 8 73 341
goalpost 0.020112656 107 52 254 480
goalpost 0.02010526 625 177 640 318
goalpost 0.01985578 460 0 476 20
goalpost 0.019821402 607 13 624 32
goalpost 0.019431636 578 1 592 42
goalpost 0.019300945 282 0 309 126
goalpost 0.019287663 540 97 578 392
goalpost 0.019282604 551 363 632 480
goalpost 0.01891753 0 0 19 175
goalpost 0.018916838 354 0 370 18
goalpost 0.018840646 395 326 463 480
goalpost 0.018577829 595 6 607 31
goalpost 0.018459423 623 242 640 416
goalpost 0.018305648 159 52 300 480
goalpost 0.018291421 369 323 432 480
goalpost 0.018270848 557 0 584 12
goalpost 0.01826004 613 139 639 395
goalpost 0.018259808 587 397 640 480
goalpost 0.018228993 0 0 546 454
goalpost 0.018121593 0 0 43 277
goalpost 0.018097764 403 0 415 16
goalpost 0.01805316 41 0 434 480
goalpost 0.017911842 537 183 583 405
goalpost 0.017904965 574 0 600 12
goalpost 0.017844636 590 11 611 40
goalpost 0.01773753 0 145 23 264
goalpost 0.017702727 384 0 399 32
goalpost 0.01770112 553 156 582 374
goalpost 0.017617647 0 256 19 480
goalpost 0.017522309 118 401 155 479
goalpost 0.017428352 0 83 23 237
goalpost 0.017398883 382 369 433 480
goalpost 0.017146049 368 5 383 53
goalpost 0.017140996 133 399 171 480
goalpost 0.016983684 526 0 544 21
goalpost 0.016959662 541 0 568 14
