goalpost 0.893645 368 0 427 334
goalpost 0.11610483 376 0 449 406
goalpost 0.115768045 1 105 13 232
goalpost 0.0790086 383 0 424 280
goalpost 0.057483718 628 69 639 205
goalpost 0.052253734 0 108 12 187
goalpost 0.05127419 1 90 13 173
goalpost 0.051168997 0 130 13 219
goalpost 0.040096793 628 0 639 63
goalpost 0.040056035 333 10 423 325
goalpost 0.037727594 0 16 16 78
goalpost 0.03262219 627 45 640 165
goalpost 0.032553863 0 144 17 232
goalpost 0.03168125 0 98 13 154
goalpost 0.030221138 1 0 14 82
goalpost 0.030084757 391 0 451 298
goalpost 0.02950411 2 85 28 317
goalpost 0.028594011 625 326 640 419
goalpost 0.028214699 379 0 421 208
goalpost 0.02815634 626 96 639 234
goalpost 0.027205974 618 0 640 35
goalpost 0.026269 1 68 14 129
goalpost 0.026219362 362 0 461 324
goalpost 0.024486791 2 29 27 253
goalpost 0.024073152 606 0 629 32
goalpost 0.023471072 554 0 579 30
goalpost 0.023302482 443 0 470 17
goalpost 0.02300542 627 17 640 126
goalpost 0.022982594 363 0 474 474
goalpost 0.022868648 625 0 640 52
goalpost 0.022792011 628 271 640 374
goalpost 0.022786504 0 73 17 258
goalpost 0.020936767 0 112 17 173
goalpost 0.020864937 458 0 484 14
goalpost 0.020599283 625 342 640 465
goalpost 0.020548891 0 99 38 220
goalpost 0.020306665 0 90 15 135
goalpost 0.020092 474 0 501 13
goalpost 0.019991565 375 67 410 333
goalpost 0.019743977 0 95 32 265
goalpost 0.019636163 370 0 437 236
goalpost 0.019382438 372 18 417 180
goalpost 0.018968357 531 311 583 480
goalpost 0.018616132 622 296 640 365
goalpost 0.018588187 559 0 577 59
goalpost 0.018487088 0 37 16 93
goalpost 0.018240567 1 45 14 112
goalpost 0.018189587 0 0 22 31
goalpost 0.01810349 1 0 15 57
goalpost 0.01804367 398 315 469 480
goalpost 0.017924394 426 0 456 22
goalpost 0.017724276 0 0 17 54
goalpost 0.017685464 473 0 640 403
goalpost 0.017672015 398 21 436 280
goalpost 0.017593434 626 234 640 344
goalpost 0.01754587 373 33 418 284
goalpost 0.017524838 554 5 580 41
goalpost 0.01748056 487 331 520 425
goalpost 0.017464006 619 4 640 54
goalpost 0.017405218 330 0 357 24
goalpost 0.01723882 0 74 15 120
goalpost 0.01706862 457 283 486 480
goalpost 0.016987253 0 55 15 103
goalpost 0.01696829 0 159 16 255
goalpost 0.016939854 346 0 373 20
goalpost 0.016930869 134 204 166 288
goalpost 0.016750993 1 126 32 387
goalpost 0.016613077 381 0 421 141
goalpost 0.016603258 0 380 16 480
goalpost 0.016548676 510 0 640 480
goalpost 0.016396625 413 286 507 480
goalpost 0.016379952 0 62 41 169
goalpost 0.016117575 0 31 20 78
goalpost 0.01595525 199 401 265 480
goalpost 0.015953662 542 0 572 20
goalpost 0.01586068 622 102 640 201
goalpost 0.01556298 115 131 157 284
goalpost 0.015507651 387 71 422 339
goalpost 0.015460896 207 6 223 174
goalpost 0.015257819 384 6 427 161
goalpost 0.015252115 0 161 21 220
goalpost 0.015185484 586 0 613 30
goalpost 0.015041407 0 406 20 480
goalpost 0.014985946 623 80 640 172
goalpost 0.014982335 595 338 640 480
goalpost 0.014931935 0 77 19 111
goalpost 0.014858289 0 0 18 42
goalpost 0.014799006 138 320 166 480
goalpost 0.0147802 202 0 229 214
goalpost 0.014760235 404 165 463 480
goalpost 0.014632566 625 139 640 268
goalpost 0.014570982 9 17 30 76
goalpost 0.014507901 460 0 479 13
goalpost 0.014501903 461 315 482 474
goalpost 0.014318075 370 96 429 467
goalpost 0.014270661 207 364 256 480
goalpost 0.014186897 471 67 504 108
goalpost 0.01416741 0 44 33 200
goalpost 0.014014105 299 0 327 31
goalpost 0.01391667 454 55 488 98
