goalpost 0.8002973 509 0 640 325
goalpost 0.098665275 527 22 640 432
goalpost 0.068661325 543 0 640 273
goalpost 0.062375974 445 45 625 288
goalpost 0.057410754 531 0 635 270
goalpost 0.05589158 29 2 54 23
goalpost 0.04975104 434 0 616 231
goalpost 0.04591845 19 3 39 20
goalpost 0.040506233 31 4 48 48
goalpost 0.039991654 533 54 632 338
goalpost 0.039345603 486 0 640 240
goalpost 0.039179567 75 0 103 23
goalpost 0.039047107 1 0 23 21
goalpost 0.036591463 2 39 13 150
goalpost 0.0352142 507 0 640 313
goalpost 0.031856444 0 27 14 89
goalpost 0.031158438 39 0 66 23
goalpost 0.028894821 57 0 86 22
goalpost 0.028893579 28 8 55 33
goalpost 0.028345985 50 321 108 480
goalpost 0.028119963 2 24 13 116
goalpost 0.02777325 477 33 636 480
goalpost 0.027725792 543 0 640 480
goalpost 0.02649586 562 32 640 404
goalpost 0.025922472 432 0 634 388
goalpost 0.02501728 593 424 640 468
goalpost 0.02482 87 0 115 23
goalpost 0.024314936 0 166 15 326
goalpost 0.023651525 23 328 81 476
goalpost 0.023540534 33 0 48 35
goalpost 0.023486037 494 67 616 342
goalpost 0.022682562 626 310 640 447
goalpost 0.022108205 618 0 640 32
goalpost 0.021469565 504 0 632 211
goalpost 0.021421822 0 48 15 118
goalpost 0.021310123 602 0 635 23
goalpost 0.02099702 19 10 39 31
goalpost 0.020928832 0 0 17 29
goalpost 0.020484433 1 4 23 33
goalpost 0.020274147 626 0 640 66
goalpost 0.02025257 532 323 582 480
goalpost 0.020228114 1 59 14 199
goalpost 0.020032052 504 0 589 342
goalpost 0.020024752 512 130 625 365
goalpost 0.019947214 544 0 634 186
goalpost 0.019928513 0 8 16 61
goalpost 0.019577973 596 340 640 480
goalpost 0.01932765 75 0 104 33
goalpost 0.018987067 1 4 13 75
goalpost 0.018702634 28 12 52 64
goalpost 0.01867848 80 0 97 53
goalpost 0.01858859 0 131 15 275
goalpost 0.018526686 564 0 640 198
goalpost 0.018460201 16 4 34 24
goalpost 0.018400313 123 177 150 219
goalpost 0.01834052 43 0 120 51
goalpost 0.018124478 0 69 16 169
goalpost 0.018112108 527 370 574 480
goalpost 0.01806901 507 310 554 480
goalpost 0.017859358 0 19 20 68
goalpost 0.017727993 18 0 87 50
goalpost 0.017630963 184 0 215 32
goalpost 0.017548334 102 0 131 24
goalpost 0.017454222 516 383 587 480
goalpost 0.017125666 170 0 201 28
goalpost 0.016925352 0 9 22 50
goalpost 0.01691482 378 0 419 209
goalpost 0.016740857 0 0 54 56
goalpost 0.016736 0 171 17 282
goalpost 0.016615298 475 0 607 270
goalpost 0.016510407 470 59 589 317
goalpost 0.016439075 71 0 149 55
goalpost 0.016333744 561 0 624 255
goalpost 0.016259229 535 327 568 480
goalpost 0.016116984 0 132 19 359
goalpost 0.015882919 374 407 410 480
goalpost 0.015463343 0 43 18 92
goalpost 0.015304845 605 424 640 472
goalpost 0.015204613 537 0 568 18
goalpost 0.015196077 371 0 428 262
goalpost 0.015195862 38 374 104 475
goalpost 0.015180878 37 1 65 32
goalpost 0.01516088 504 0 567 312
goalpost 0.015149463 462 394 515 480
goalpost 0.015063274 602 0 636 35
goalpost 0.015025874 91 11 117 62
goalpost 0.014961639 605 321 640 480
goalpost 0.014834597 119 0 149 23
goalpost 0.014828438 503 394 570 480
goalpost 0.014812195 39 9 66 61
goalpost 0.014804118 152 268 182 480
goalpost 0.014762066 538 224 579 471
goalpost 0.014731209 45 0 63 48
goalpost 0.014568682 135 175 165 219
goalpost 0.014522233 60 294 99 480
goalpost 0.01442141 618 0 640 56
goalpost 0.01437493 522 328 553 480
goalpost 0.014357847 95 0 112 56
goalpost 0.014326166 526 118 592 443
goalpost 0.0143197365 0 89 17 193
