goalpost 0.5230911 581 1 611 91
goalpost 0.22335047 450 0 468 20
goalpost 0.21321474 339 0 408 53
goalpost 0.20898665 511 0 535 86
goalpost 0.17414325 277 29 341 238
goalpost 0.15437408 298 47 366 241
goalpost 0.1435281 566 73 616 203
goalpost 0.1414734 451 1 475 77
goalpost 0.13963018 368 0 423 55
goalpost 0.13466531 559 140 624 269
goalpost 0.13260318 20 190 74 311
goalpost 0.12933515 575 32 617 142
goalpost 0.12783481 595 116 640 276
goalpost 0.12771347 306 0 377 45
goalpost 0.12470377 4 209 28 342
goalpost 0.1199417 0 0 29 148
goalpost 0.11236155 247 41 422 227
goalpost 0.10513559 210 32 359 240
goalpost 0.10402009 598 7 624 46
goalpost 0.096843906 492 1 520 80
goalpost 0.09637341 407 2 448 73
goalpost 0.0922127 0 0 84 204
goalpost 0.09046436 367 66 432 190
goalpost 0.08864744 480 64 640 278
goalpost 0.088621035 282 125 341 231
goalpost 0.087068774 318 0 434 201
goalpost 0.0836435 140 0 208 100
goalpost 0.08134825 50 171 91 250
goalpost 0.075431466 486 5 507 38
goalpost 0.073995106 596 0 624 98
goalpost 0.07329163 192 0 314 282
goalpost 0.073262244 283 0 386 208
goalpost 0.072954334 0 180 15 270
goalpost 0.07293401 301 121 357 249
goalpost 0.071893565 607 423 636 480
goalpost 0.07174556 40 0 165 156
goalpost 0.066438854 539 0 640 148
goalpost 0.0653448 275 0 350 29
goalpost 0.061323453 417 2 448 37
goalpost 0.06070285 259 0 355 284
goalpost 0.05783933 300 46 457 281
goalpost 0.05774479 460 0 575 148
goalpost 0.0574038 555 4 581 33
goalpost 0.05716251 215 48 267 151
goalpost 0.056828212 0 0 132 170
goalpost 0.056732383 330 61 401 217
goalpost 0.056686804 517 49 640 280
goalpost 0.056448556 249 38 298 194
goalpost 0.053263996 554 26 640 231
goalpost 0.053026028 506 0 582 245
goalpost 0.05298331 539 0 620 268
goalpost 0.05287524 607 164 640 317
goalpost 0.051463917 83 1 204 169
goalpost 0.048756346 171 4 229 105
goalpost 0.04852627 155 0 282 168
goalpost 0.048271876 192 22 332 165
goalpost 0.04823 620 15 640 184
goalpost 0.047431204 574 128 640 351
goalpost 0.047279034 210 63 351 384
goalpost 0.04672977 308 0 455 117
goalpost 0.046561204 541 54 590 146
goalpost 0.04566125 521 130 640 379
goalpost 0.04415875 592 0 640 185
goalpost 0.042839173 121 0 237 175
goalpost 0.041350465 236 0 313 175
goalpost 0.040693223 233 82 387 303
goalpost 0.040409155 2 274 18 351
goalpost 0.04030808 59 65 95 143
goalpost 0.040279306 54 161 82 187
goalpost 0.040275194 586 51 640 330
goalpost 0.040130474 440 0 531 224
goalpost 0.03901559 406 0 502 204
goalpost 0.03873158 212 57 275 210
goalpost 0.03864323 36 175 77 255
goalpost 0.038509328 563 0 636 226
goalpost 0.037978545 353 0 540 121
goalpost 0.037500024 50 198 91 280
goalpost 0.03680691 46 161 73 190
goalpost 0.035407756 367 20 498 150
goalpost 0.03527147 602 46 633 176
goalpost 0.035182744 606 375 640 480
goalpost 0.03510959 310 170 352 268
goalpost 0.035072766 250 0 310 21
goalpost 0.034825444 479 0 538 209
goalpost 0.032704357 22 41 73 147
goalpost 0.032663196 377 61 524 315
goalpost 0.03255185 151 1 202 57
goalpost 0.03191784 0 169 123 347
goalpost 0.030421806 107 0 195 109
goalpost 0.030068876 0 32 51 316
goalpost 0.029876485 623 356 640 480
goalpost 0.029255558 552 0 586 97
goalpost 0.027540479 0 70 22 194
goalpost 0.02703514 0 149 10 227
goalpost 0.0266711 88 164 126 249
goalpost 0.026357617 546 167 602 281
goalpost 0.026069699 453 7 573 295
goalpost 0.025369659 138 40 233 251
goalpost 0.02487721 158 58 198 141
