goalpost 0.34439233 601 173 640 450
goalpost 0.3385625 357 23 381 174
goalpost 0.3105557 483 66 508 247
goalpost 0.27794433 383 56 420 284
goalpost 0.24953762 25 18 60 174
goalpost 0.24679267 108 30 126 174
goalpost 0.22437586 386 0 441 351
goalpost 0.21689202 23 3 72 286
goalpost 0.1997599 0 23 34 310
goalpost 0.19930583 329 28 349 184
goalpost 0.19111477 0 23 34 168
goalpost 0.17157751 404 59 435 261
goalpost 0.16928113 47 27 97 222
goalpost 0.1688185 403 36 465 333
goalpost 0.16778588 0 0 90 350
goalpost 0.15688923 180 65 199 166
goalpost 0.15248579 0 0 79 217
goalpost 0.15061828 479 34 502 310
goalpost 0.14911386 361 30 383 103
goalpost 0.14047192 613 105 640 340
goalpost 0.13978735 576 74 628 427
goalpost 0.13271135 543 60 599 384
goalpost 0.13191149 535 40 636 434
goalpost 0.12676024 58 28 94 137
goalpost 0.12643804 551 68 566 159
goalpost 0.116399065 617 76 637 167
goalpost 0.10474989 2 147 110 480
goalpost 0.102779865 2 0 165 397
goalpost 0.10265765 611 44 635 117
goalpost 0.099544324 344 0 419 281
goalpost 0.097580574 623 82 640 225
goalpost 0.09049097 388 55 415 170
goalpost 0.08870789 570 114 640 449
goalpost 0.086074926 307 39 321 69
goalpost 0.085070744 440 47 503 309
goalpost 0.08417149 0 25 29 106
goalpost 0.08393983 510 42 577 280
goalpost 0.08383479 363 20 411 358
goalpost 0.08346395 324 41 346 129
goalpost 0.077458 449 54 488 256
goalpost 0.07685358 482 159 568 480
goalpost 0.075226896 100 75 132 212
goalpost 0.07473831 567 244 638 448
goalpost 0.07209402 307 43 323 126
goalpost 0.07172241 437 127 527 459
goalpost 0.07114635 541 216 620 480
goalpost 0.07065498 398 1 482 185
goalpost 0.070104286 326 35 345 84
goalpost 0.06848698 507 238 640 480
goalpost 0.0681606 340 33 399 380
goalpost 0.06701543 142 55 216 261
goalpost 0.06621098 51 25 109 356
goalpost 0.06511742 545 83 570 219
goalpost 0.063529566 584 39 607 78
goalpost 0.062370077 384 5 411 27
goalpost 0.062254235 576 1 604 25
goalpost 0.06140165 0 234 21 363
goalpost 0.05934425 359 7 385 35
goalpost 0.05896387 535 94 581 262
goalpost 0.057717334 461 5 485 29
goalpost 0.05766351 97 30 120 136
goalpost 0.056694847 581 70 599 104
goalpost 0.05656652 63 284 103 393
goalpost 0.05627276 326 5 349 24
goalpost 0.05421344 552 70 567 120
goalpost 0.053679157 609 10 636 53
goalpost 0.053478647 585 230 640 444
goalpost 0.053143762 383 37 406 98
goalpost 0.051418606 121 66 147 173
goalpost 0.050457686 382 100 464 466
goalpost 0.049320217 24 25 58 93
goalpost 0.048389334 480 6 505 26
goalpost 0.047728483 507 68 531 177
goalpost 0.045819785 563 87 640 303
goalpost 0.0455487 183 107 211 206
goalpost 0.04520096 470 27 522 360
goalpost 0.04468073 516 2 546 15
goalpost 0.04135068 163 16 194 45
goalpost 0.041188244 612 438 637 480
goalpost 0.04111726 162 0 254 225
goalpost 0.040974952 477 90 542 440
goalpost 0.040681254 0 0 102 171
goalpost 0.04060255 33 168 165 474
goalpost 0.04046277 0 10 141 249
goalpost 0.040285014 313 0 370 252
goalpost 0.039514884 168 34 190 89
goalpost 0.039447363 481 44 504 107
goalpost 0.03842019 89 301 123 437
goalpost 0.037900496 125 59 197 326
goalpost 0.03724529 195 42 218 77
goalpost 0.03715896 117 256 162 382
goalpost 0.03715801 332 19 382 308
goalpost 0.037071887 409 82 443 338
goalpost 0.037038494 173 105 202 210
goalpost 0.036710367 60 0 122 212
goalpost 0.03666944 553 3 581 17
goalpost 0.036508374 580 207 640 480
goalpost 0.036387783 191 11 228 40
goalpost 0.035854444 318 8 396 184
goalpost 0.035648778 453 25 518 248
