goalpost 0.1202153 579 0 640 350
goalpost 0.108061284 96 21 332 388
goalpost 0.09464965 556 0 640 314
goalpost 0.08534294 132 32 265 408
goalpost 0.08222665 569 0 633 382
goalpost 0.07291536 53 0 284 347
goalpost 0.052863467 591 0 640 458
goalpost 0.046109177 147 0 259 302
goalpost 0.044342723 121 29 239 318
goalpost 0.04334025 559 0 575 22
goalpost 0.04333641 117 2 314 279
goalpost 0.042859115 543 0 566 7
goalpost 0.042520624 387 214 425 306
goalpost 0.040786836 596 0 640 330
goalpost 0.039533827 556 0 580 8
goalpost 0.03869258 525 0 550 7
goalpost 0.036432352 543 0 560 25
goalpost 0.03582452 96 0 237 393
goalpost 0.03549979 627 0 640 46
goalpost 0.03482268 0 1 15 148
goalpost 0.034699053 215 0 249 17
goalpost 0.03409215 118 0 283 480
goalpost 0.03248605 492 0 518 10
goalpost 0.031780228 575 0 623 330
goalpost 0.031745262 381 215 428 342
goalpost 0.031633824 606 0 631 17
goalpost 0.030831752 109 116 248 349
goalpost 0.02999748 484 0 640 403
goalpost 0.029715283 507 0 533 10
goalpost 0.02968799 443 0 470 13
goalpost 0.029359907 602 43 640 417
goalpost 0.028668825 575 0 591 32
goalpost 0.028167814 619 0 640 25
goalpost 0.027855666 570 0 595 11
goalpost 0.027702622 227 0 367 300
goalpost 0.027602697 368 217 417 346
goalpost 0.02721805 227 0 263 20
goalpost 0.02714425 204 0 235 16
goalpost 0.026877547 459 0 484 10
goalpost 0.02600059 477 0 500 9
goalpost 0.025906608 495 0 512 33
goalpost 0.024731291 557 0 575 3
goalpost 0.02404399 1 33 14 169
goalpost 0.023977129 515 0 640 480
goalpost 0.02395442 427 0 458 16
goalpost 0.023660203 563 30 640 464
goalpost 0.023386339 191 45 371 441
goalpost 0.023126438 383 0 535 333
goalpost 0.023031384 587 0 613 13
goalpost 0.02274885 526 0 544 34
goalpost 0.021996435 95 0 113 152
goalpost 0.021979183 400 11 453 151
goalpost 0.02162936 0 54 16 150
goalpost 0.021600407 404 0 462 52
goalpost 0.021504855 371 126 430 480
goalpost 0.02134465 244 0 282 23
goalpost 0.021250386 16 0 230 260
goalpost 0.02105019 85 152 218 374
goalpost 0.020886177 178 0 286 270
goalpost 0.020794163 260 0 299 25
goalpost 0.020566909 0 378 17 440
goalpost 0.020077858 510 0 528 35
goalpost 0.020001912 0 0 15 101
goalpost 0.019961748 85 86 222 312
goalpost 0.01991439 469 0 527 36
goalpost 0.01980748 66 84 258 395
goalpost 0.0197746 91 0 118 178
goalpost 0.019715957 369 287 430 480
goalpost 0.019465558 412 0 446 138
goalpost 0.01944757 586 8 640 249
goalpost 0.01935368 480 0 496 34
goalpost 0.019330058 275 0 315 25
goalpost 0.01925259 0 86 15 163
goalpost 0.018939303 0 23 229 401
goalpost 0.018734435 377 0 437 53
goalpost 0.018670281 463 0 479 45
goalpost 0.018643565 617 52 640 315
goalpost 0.018582782 0 188 15 342
goalpost 0.018565848 130 93 273 324
goalpost 0.018499091 0 19 18 127
goalpost 0.018460788 379 152 422 476
goalpost 0.018394012 341 289 410 407
goalpost 0.018349538 347 0 483 86
goalpost 0.018301645 0 403 22 454
goalpost 0.018274602 572 0 590 5
goalpost 0.018261816 175 0 239 287
goalpost 0.018208526 542 0 561 3
goalpost 0.018161226 366 199 433 391
goalpost 0.018052544 115 0 246 228
goalpost 0.018003974 341 37 564 456
goalpost 0.017904561 374 370 438 480
goalpost 0.017877197 0 370 22 421
goalpost 0.017766722 500 0 559 31
goalpost 0.01770655 391 192 422 293
goalpost 0.017615031 377 13 430 156
goalpost 0.017465897 377 213 410 327
goalpost 0.017461585 0 0 23 33
goalpost 0.017214851 435 0 491 44
goalpost 0.017209535 100 0 344 262
goalpost 0.01711684 0 398 18 467
