goalpost 0.33318996 16 0 217 280
goalpost 0.26313645 145 0 201 262
goalpost 0.23908459 93 0 204 258
goalpost 0.20328197 184 24 228 193
goalpost 0.18840426 230 0 250 16
goalpost 0.18586667 330 1 346 51
goalpost 0.16106929 197 4 221 23
goalpost 0.15307729 0 0 15 23
goalpost 0.13921833 0 36 162 337
goalpost 0.13738889 17 58 84 242
goalpost 0.13547099 43 0 158 245
goalpost 0.1255754 612 96 638 306
goalpost 0.12145354 338 21 357 131
goalpost 0.11750737 298 5 313 31
goalpost 0.11398362 96 0 118 21
goalpost 0.11318899 43 0 61 12
goalpost 0.108318396 47 7 268 197
goalpost 0.10786985 80 0 100 23
goalpost 0.10457165 47 49 188 301
goalpost 0.09695235 169 0 251 223
goalpost 0.092335396 158 8 190 33
goalpost 0.09156924 0 271 12 416
goalpost 0.088894725 526 212 544 257
goalpost 0.08794195 48 22 119 250
goalpost 0.086978875 329 9 351 86
goalpost 0.08620827 0 68 38 256
goalpost 0.07949181 539 222 561 268
goalpost 0.076506436 265 5 287 26
goalpost 0.07169294 266 61 278 87
goalpost 0.071545176 89 0 136 98
goalpost 0.06712068 334 36 353 115
goalpost 0.06548948 234 58 251 95
goalpost 0.06107882 224 46 249 166
goalpost 0.060932804 103 16 167 303
goalpost 0.059234962 565 101 607 244
goalpost 0.057498228 338 330 515 480
goalpost 0.057449985 532 225 568 322
goalpost 0.057260808 43 202 115 300
goalpost 0.056674704 0 428 23 480
goalpost 0.055182077 237 10 259 93
goalpost 0.0541787 14 0 104 274
goalpost 0.053618617 271 21 343 209
goalpost 0.052621547 74 0 106 84
goalpost 0.052010875 156 178 197 286
goalpost 0.051945664 483 160 594 467
goalpost 0.051485874 554 50 640 284
goalpost 0.0506454 346 19 417 216
goalpost 0.049173687 85 215 144 304
goalpost 0.048164405 145 140 205 283
goalpost 0.047001135 129 2 164 26
goalpost 0.04604471 47 128 111 279
goalpost 0.04601501 545 0 640 70
goalpost 0.045811497 538 76 623 413
goalpost 0.04540479 234 31 302 309
goalpost 0.045026664 354 0 376 45
goalpost 0.04473433 520 284 640 480
goalpost 0.043428045 248 0 361 132
goalpost 0.042013414 283 122 317 220
goalpost 0.04160851 136 0 332 142
goalpost 0.04149251 297 0 367 192
goalpost 0.04137914 117 0 181 131
goalpost 0.04069962 581 0 640 134
goalpost 0.040476613 321 463 344 480
goalpost 0.039657414 542 104 581 229
goalpost 0.039432567 256 121 287 226
goalpost 0.03941859 549 283 622 415
goalpost 0.039366435 499 143 640 480
goalpost 0.038283736 4 180 100 407
goalpost 0.036938086 45 96 279 370
goalpost 0.03672558 91 430 130 480
goalpost 0.036656685 63 431 99 480
goalpost 0.03607005 303 14 321 73
goalpost 0.03592014 519 222 557 326
goalpost 0.03567032 376 0 468 122
goalpost 0.03505192 266 64 285 147
goalpost 0.034639265 266 17 285 73
goalpost 0.034390613 290 462 315 480
goalpost 0.034121726 502 90 546 220
goalpost 0.03318951 529 0 634 162
goalpost 0.032889947 565 169 640 480
goalpost 0.032259222 36 206 175 392
goalpost 0.03198089 80 0 193 135
goalpost 0.03190488 609 434 635 480
goalpost 0.031386852 315 122 347 224
goalpost 0.030956788 156 70 264 410
goalpost 0.030916478 606 0 640 171
goalpost 0.030851578 134 293 275 480
goalpost 0.030835606 2 0 17 87
goalpost 0.030470401 344 33 370 132
goalpost 0.029776014 298 58 314 94
goalpost 0.02933635 600 0 640 68
goalpost 0.02924403 421 0 481 150
goalpost 0.028530069 226 0 306 162
goalpost 0.028415008 610 161 636 398
goalpost 0.027896715 225 116 261 223
goalpost 0.027896632 353 463 378 480
goalpost 0.027506111 414 231 502 474
goalpost 0.027422946 490 0 594 164
goalpost 0.02666977 528 263 589 416
goalpost 0.02612623 605 40 640 333
