goalpost 0.05501674 2 7 12 68
goalpost 0.04777809 628 0 640 40
goalpost 0.04364715 0 0 20 28
goalpost 0.043085154 556 0 580 6
goalpost 0.042910606 0 15 11 59
goalpost 0.04190946 137 169 274 387
goalpost 0.041534726 2 27 12 119
goalpost 0.039621674 560 0 576 29
goalpost 0.03857799 194 205 264 315
goalpost 0.03815465 0 8 12 47
goalpost 0.038113296 543 0 568 4
goalpost 0.035367023 407 76 440 152
goalpost 0.03510997 165 241 235 347
goalpost 0.034128126 3 363 97 480
goalpost 0.032122865 478 192 512 472
goalpost 0.031136243 179 227 250 336
goalpost 0.03109883 30 365 128 480
goalpost 0.03073596 628 0 640 23
goalpost 0.030627843 45 0 580 414
goalpost 0.030361587 1 40 13 155
goalpost 0.028305026 152 252 221 357
goalpost 0.027825017 569 0 594 7
goalpost 0.027454479 0 7 17 41
goalpost 0.027314764 2 0 14 46
goalpost 0.027285023 106 148 249 368
goalpost 0.026616577 576 0 591 31
goalpost 0.026442908 207 191 278 302
goalpost 0.02508968 557 0 576 1
goalpost 0.02470406 525 0 550 5
goalpost 0.02467349 627 1 639 63
goalpost 0.024562337 0 16 16 53
goalpost 0.02363937 438 239 474 328
goalpost 0.02356691 543 0 560 36
goalpost 0.023056418 306 67 363 480
goalpost 0.022971356 606 0 629 10
goalpost 0.022947865 106 0 136 20
goalpost 0.0229471 611 0 624 35
goalpost 0.022749936 0 58 13 133
goalpost 0.02269193 166 149 302 374
goalpost 0.02265132 508 0 533 9
goalpost 0.022596573 0 22 13 76
goalpost 0.02237897 0 78 17 236
goalpost 0.022323817 0 58 15 202
goalpost 0.022283925 0 31 11 88
goalpost 0.022221766 587 0 611 7
goalpost 0.02221067 0 0 30 273
goalpost 0.022138864 493 0 518 11
goalpost 0.021907566 470 237 522 419
goalpost 0.02175375 0 335 119 480
goalpost 0.021649055 0 38 13 109
goalpost 0.021045174 219 0 640 394
goalpost 0.020953096 390 0 640 480
goalpost 0.020503495 0 69 23 290
goalpost 0.020092357 0 97 233 480
goalpost 0.019967385 0 0 29 181
goalpost 0.01988531 619 0 640 16
goalpost 0.019762868 151 87 255 354
goalpost 0.01967799 194 231 264 350
goalpost 0.019596085 235 0 264 28
goalpost 0.01934838 197 175 268 279
goalpost 0.019107392 319 0 640 414
goalpost 0.019042205 218 162 273 291
goalpost 0.018878212 238 0 259 37
goalpost 0.018873299 85 51 357 480
goalpost 0.018859616 592 0 607 37
goalpost 0.018757077 512 0 527 45
goalpost 0.018752076 474 286 519 480
goalpost 0.018736929 19 7 300 424
goalpost 0.018690342 119 0 150 21
goalpost 0.018618504 122 164 230 422
goalpost 0.018501943 627 95 640 180
goalpost 0.018426638 68 142 107 233
goalpost 0.018314498 10 0 31 24
goalpost 0.018302586 27 283 142 480
goalpost 0.01825798 0 148 161 480
goalpost 0.018184384 477 0 502 14
goalpost 0.01805976 0 361 63 480
goalpost 0.017992102 180 256 248 372
goalpost 0.017879937 626 266 640 380
goalpost 0.017878035 626 307 640 436
goalpost 0.01784466 453 249 490 342
goalpost 0.017831378 105 0 262 480
goalpost 0.01763615 0 62 33 356
goalpost 0.017615981 477 150 514 382
goalpost 0.017301017 55 147 120 248
goalpost 0.017217966 467 116 526 236
goalpost 0.017059185 208 221 276 338
goalpost 0.01700811 0 68 16 167
goalpost 0.01691459 306 164 364 399
goalpost 0.016897796 124 86 228 352
goalpost 0.016823346 75 193 212 387
goalpost 0.016757514 569 256 599 339
goalpost 0.01674713 0 40 35 241
goalpost 0.016746549 136 265 205 367
goalpost 0.016682178 314 127 356 444
goalpost 0.01665632 165 213 239 320
goalpost 0.016616972 0 296 16 446
goalpost 0.016603654 127 0 143 59
goalpost 0.016571801 426 244 486 340
goalpost 0.016570909 251 0 273 36
