goalpost 0.22786692 0 61 35 376
goalpost 0.101562336 0 103 41 321
goalpost 0.06998792 0 0 44 391
goalpost 0.06494223 589 0 615 15
goalpost 0.055591572 0 341 51 480
goalpost 0.052907154 0 90 25 344
goalpost 0.05260096 629 195 640 242
goalpost 0.052290775 627 0 640 56
goalpost 0.046678554 603 1 627 18
goalpost 0.044409454 629 203 639 270
goalpost 0.04335796 0 161 23 387
goalpost 0.04189056 469 0 640 426
goalpost 0.039847877 0 351 84 480
goalpost 0.039821528 575 0 601 12
goalpost 0.038092595 0 395 59 480
goalpost 0.037761785 0 243 24 345
goalpost 0.035979703 625 318 640 464
goalpost 0.035117675 0 159 33 420
goalpost 0.0349777 145 0 208 181
goalpost 0.03240679 0 320 24 480
goalpost 0.03136817 0 81 50 338
goalpost 0.029271265 0 318 17 478
goalpost 0.02896557 413 0 640 391
goalpost 0.027831629 628 169 640 228
goalpost 0.027449388 155 0 196 212
goalpost 0.02723803 2 147 41 355
goalpost 0.027200783 617 0 639 26
goalpost 0.027170215 626 214 640 300
goalpost 0.026109649 13 0 71 356
goalpost 0.02592909 0 210 20 372
goalpost 0.025818652 626 0 640 38
goalpost 0.024867315 0 351 45 480
goalpost 0.024013339 331 0 619 391
goalpost 0.023884472 592 3 608 47
goalpost 0.023692228 146 0 205 235
goalpost 0.023356093 349 168 372 207
goalpost 0.023338985 427 0 453 17
goalpost 0.023141239 504 0 640 480
goalpost 0.022483708 351 160 369 214
goalpost 0.02238138 0 410 48 480
goalpost 0.022316517 337 321 396 479
goalpost 0.022061354 541 0 567 13
goalpost 0.022049898 626 2 639 115
goalpost 0.021502703 0 332 97 480
goalpost 0.021241026 0 269 44 480
goalpost 0.0212292 0 325 63 480
goalpost 0.021214854 621 203 640 236
goalpost 0.021199476 558 0 583 11
goalpost 0.02078725 413 0 439 18
goalpost 0.020617638 0 53 23 285
goalpost 0.02027676 621 210 640 249
goalpost 0.020246511 3 264 39 355
goalpost 0.01989892 6 315 38 480
goalpost 0.01986168 621 217 640 264
goalpost 0.019716926 0 280 21 480
goalpost 0.019637443 0 95 41 480
goalpost 0.019565381 0 238 34 480
goalpost 0.019525778 619 282 640 480
goalpost 0.018988721 462 0 640 480
goalpost 0.018951045 0 0 23 29
goalpost 0.01885008 333 167 358 209
goalpost 0.018797884 0 13 37 292
goalpost 0.018778086 0 343 21 443
goalpost 0.01873928 621 192 640 225
goalpost 0.01872408 0 275 25 364
goalpost 0.018701233 588 3 616 23
goalpost 0.018377582 327 375 392 476
goalpost 0.018170943 624 364 640 480
goalpost 0.018162312 603 6 628 28
goalpost 0.018051995 0 35 80 377
goalpost 0.017908571 440 0 468 16
goalpost 0.017708516 339 0 496 101
goalpost 0.017651532 264 30 294 249
goalpost 0.017617557 0 0 15 92
goalpost 0.017495755 0 362 23 480
goalpost 0.017464645 350 172 368 236
goalpost 0.017404271 622 177 640 217
goalpost 0.017269423 610 6 624 50
goalpost 0.017148543 0 348 31 480
goalpost 0.016938584 281 0 426 103
goalpost 0.016883275 0 158 48 313
goalpost 0.016861364 341 391 379 480
goalpost 0.016833814 0 0 57 298
goalpost 0.016809525 438 391 473 480
goalpost 0.016787268 246 0 640 480
goalpost 0.016783562 612 217 639 431
goalpost 0.016705709 366 0 566 381
goalpost 0.016694589 627 123 640 224
goalpost 0.016651556 251 206 275 290
goalpost 0.01659998 430 0 447 52
goalpost 0.016596656 362 165 387 205
goalpost 0.016456362 49 299 105 480
goalpost 0.016449455 0 72 74 340
goalpost 0.016001021 0 89 103 331
goalpost 0.016000248 620 373 640 479
goalpost 0.015940763 0 168 33 341
goalpost 0.015902594 221 0 360 109
goalpost 0.015826648 435 350 491 480
goalpost 0.015780473 447 0 463 52
goalpost 0.015626917 365 156 384 213
