goalpost 0.8373844 448 2 529 420
goalpost 0.40164897 445 0 502 395
goalpost 0.13889985 124 0 149 11
goalpost 0.08841006 110 0 138 10
goalpost 0.08377313 436 0 540 480
goalpost 0.07182097 443 0 471 244
goalpost 0.06656325 446 12 493 282
goalpost 0.061044645 137 0 161 11
goalpost 0.050492287 205 194 250 318
goalpost 0.04879494 440 396 506 480
goalpost 0.047842503 200 200 238 297
goalpost 0.046581294 629 0 639 47
goalpost 0.045453694 125 0 144 8
goalpost 0.04117945 625 29 640 197
goalpost 0.04073505 1 421 44 480
goalpost 0.03913627 0 0 219 474
goalpost 0.038920358 0 420 31 480
goalpost 0.038188983 619 5 640 257
goalpost 0.036783382 445 414 497 480
goalpost 0.036112096 458 408 511 472
goalpost 0.034476724 608 0 629 12
goalpost 0.033159688 189 204 246 305
goalpost 0.03254985 154 0 178 10
goalpost 0.032380715 460 8 510 369
goalpost 0.032228213 627 205 639 282
goalpost 0.031596873 590 0 613 9
goalpost 0.031425342 121 0 151 18
goalpost 0.031125994 139 0 158 6
goalpost 0.031107804 91 0 283 376
goalpost 0.030922402 437 0 495 265
goalpost 0.030544268 212 194 248 288
goalpost 0.03031092 93 0 122 11
goalpost 0.029980596 447 9 467 205
goalpost 0.029274583 309 0 640 447
goalpost 0.028198197 628 0 640 30
goalpost 0.027805764 620 0 640 20
goalpost 0.027314952 625 3 639 147
goalpost 0.026918812 0 0 138 480
goalpost 0.026879145 440 0 475 180
goalpost 0.026822373 443 0 484 197
goalpost 0.026702428 453 0 483 227
goalpost 0.026598532 452 386 518 473
goalpost 0.026372917 573 0 598 11
goalpost 0.026362943 0 0 21 21
goalpost 0.025887625 405 26 496 321
goalpost 0.02522876 624 77 640 245
goalpost 0.025013713 171 0 195 8
goalpost 0.024754679 124 0 144 36
goalpost 0.024607198 627 216 640 329
goalpost 0.024423216 118 0 152 35
goalpost 0.023920069 156 0 175 6
goalpost 0.023330476 0 0 109 367
goalpost 0.02271527 441 128 471 402
goalpost 0.022673525 384 0 640 480
goalpost 0.02237085 0 0 179 451
goalpost 0.022232233 607 0 640 203
goalpost 0.0217832 628 0 639 73
goalpost 0.021666106 109 0 130 40
goalpost 0.021611553 341 0 378 27
goalpost 0.021535017 458 0 520 275
goalpost 0.0214354 46 0 303 480
goalpost 0.02073246 556 0 583 11
goalpost 0.020705935 610 50 640 271
goalpost 0.020691115 0 383 17 480
goalpost 0.020652393 0 345 42 480
goalpost 0.020370208 356 0 393 27
goalpost 0.020236365 450 392 494 473
goalpost 0.020143578 437 72 500 461
goalpost 0.02000585 188 0 212 8
goalpost 0.019867027 68 0 159 350
goalpost 0.01986624 446 401 498 480
goalpost 0.019774392 214 172 245 365
goalpost 0.019716883 196 190 238 338
goalpost 0.019255647 427 401 492 480
goalpost 0.019170487 454 416 491 480
goalpost 0.019060193 538 0 567 13
goalpost 0.01902786 483 403 521 476
goalpost 0.018789718 73 0 593 388
goalpost 0.018658506 521 0 552 14
goalpost 0.01858295 40 0 130 331
goalpost 0.018516947 109 0 141 19
goalpost 0.018462278 78 0 152 37
goalpost 0.018367369 13 0 36 14
goalpost 0.018275494 107 0 182 37
goalpost 0.018065369 176 0 191 42
goalpost 0.018061351 504 0 536 16
goalpost 0.018040767 459 399 512 480
goalpost 0.018032983 435 0 530 251
goalpost 0.017992133 208 0 223 46
goalpost 0.017940871 48 0 64 49
goalpost 0.017896105 28 0 54 12
goalpost 0.017848028 89 218 117 448
goalpost 0.017744714 460 0 558 394
goalpost 0.017722616 326 0 362 27
goalpost 0.01768047 192 0 207 42
goalpost 0.017632565 2 0 150 480
goalpost 0.0176242 627 173 639 261
goalpost 0.017619114 1 0 14 76
goalpost 0.01758857 576 0 591 50
goalpost 0.017436994 574 0 593 8
