goalpost 0.94841975 468 0 529 285
goalpost 0.12207045 445 17 542 313
goalpost 0.080578566 2 4 11 84
goalpost 0.06900905 2 17 11 116
goalpost 0.06705102 0 20 9 83
goalpost 0.057791665 0 24 11 97
goalpost 0.05154313 519 404 581 480
goalpost 0.045077007 480 0 549 301
goalpost 0.043808833 466 7 578 307
goalpost 0.042249043 0 35 12 115
goalpost 0.03838249 444 14 525 445
goalpost 0.03468068 1 0 14 65
goalpost 0.033957414 0 5 12 60
goalpost 0.03000858 263 315 293 480
goalpost 0.028624602 508 412 568 480
goalpost 0.028621843 534 312 569 405
goalpost 0.027976077 0 24 13 71
goalpost 0.027262587 0 0 18 36
goalpost 0.026620882 628 0 639 74
goalpost 0.02647504 467 15 503 292
goalpost 0.02606083 527 369 575 480
goalpost 0.025921576 87 252 116 480
goalpost 0.024667315 627 287 640 382
goalpost 0.02462886 0 0 16 49
goalpost 0.024134494 532 414 571 480
goalpost 0.024090474 415 0 544 480
goalpost 0.02387072 506 301 554 480
goalpost 0.02348107 452 0 521 261
goalpost 0.023341348 628 82 640 181
goalpost 0.02262068 0 104 16 264
goalpost 0.022379596 60 278 106 480
goalpost 0.02176415 1 40 13 147
goalpost 0.02159696 465 11 533 196
goalpost 0.021490024 628 316 640 403
goalpost 0.02144422 458 26 492 292
goalpost 0.021098552 0 41 14 92
goalpost 0.020941822 250 316 280 480
goalpost 0.020906663 74 247 104 480
goalpost 0.020871822 532 292 570 371
goalpost 0.020856626 0 428 27 473
goalpost 0.020753315 85 284 129 480
goalpost 0.020280445 518 299 556 390
goalpost 0.02001421 533 412 597 480
goalpost 0.019611308 627 256 640 354
goalpost 0.019557146 490 409 553 480
goalpost 0.019100549 627 0 640 46
goalpost 0.019018618 539 0 568 17
goalpost 0.018928094 0 129 20 242
goalpost 0.018716324 628 340 640 420
goalpost 0.01852865 376 329 409 480
goalpost 0.018496672 0 59 15 137
goalpost 0.018482765 554 0 582 17
goalpost 0.018410828 627 60 639 147
goalpost 0.01815503 535 332 567 429
goalpost 0.017915366 514 375 563 480
goalpost 0.017892642 540 319 561 465
goalpost 0.017555496 619 330 640 385
goalpost 0.017549487 627 97 640 215
goalpost 0.017100949 275 218 395 420
goalpost 0.016732171 296 209 329 439
goalpost 0.016583929 454 271 491 365
goalpost 0.016464083 435 0 538 185
goalpost 0.016427446 206 210 257 349
goalpost 0.016405031 230 226 292 333
goalpost 0.01623073 457 418 520 480
goalpost 0.016202249 528 306 574 432
goalpost 0.016197437 626 395 640 463
goalpost 0.016191412 517 278 554 361
goalpost 0.015995534 301 206 370 389
goalpost 0.015970096 221 210 272 347
goalpost 0.015911795 211 224 253 396
goalpost 0.015864825 535 323 565 480
goalpost 0.01586166 436 2 627 452
goalpost 0.015670583 531 302 578 480
goalpost 0.015665187 522 0 553 19
goalpost 0.015596974 0 101 20 329
goalpost 0.015514671 627 233 640 327
goalpost 0.01539348 514 315 561 442
goalpost 0.015310927 302 231 352 374
goalpost 0.015296863 217 0 360 116
goalpost 0.015279937 526 8 640 316
goalpost 0.015227963 520 319 555 416
goalpost 0.015101289 461 0 536 207
goalpost 0.015077507 464 420 513 480
goalpost 0.015025662 569 340 598 431
goalpost 0.015022126 493 22 555 369
goalpost 0.014997932 576 0 591 61
goalpost 0.014965162 396 0 572 477
goalpost 0.014932448 259 352 298 480
goalpost 0.014895367 342 1 528 480
goalpost 0.014854525 55 185 109 480
goalpost 0.014819886 359 0 487 480
goalpost 0.014796756 480 420 527 480
goalpost 0.014676102 362 316 392 480
goalpost 0.014658949 0 0 53 65
goalpost 0.014598848 559 0 576 58
goalpost 0.014587164 627 361 640 446
goalpost 0.0145799685 150 120 216 224
goalpost 0.014565973 0 0 68 479
goalpost 0.014505972 247 213 279 327
