goalpost 0.22457835 48 28 300 480
goalpost 0.1873006 88 0 266 446
goalpost 0.08162909 321 81 336 150
goalpost 0.08051361 631 71 639 165
goalpost 0.072838455 32 0 245 396
goalpost 0.05659102 630 92 639 191
goalpost 0.043773018 630 45 639 142
goalpost 0.04307944 124 76 307 480
goalpost 0.042096525 629 122 639 217
goalpost 0.04206597 627 0 640 60
goalpost 0.037321117 629 27 639 117
goalpost 0.03515434 382 2 408 93
goalpost 0.032798454 628 9 639 81
goalpost 0.032282706 600 424 637 466
goalpost 0.03182318 516 0 640 480
goalpost 0.030040001 627 191 640 284
goalpost 0.029349938 615 242 640 480
goalpost 0.028744116 0 67 235 480
goalpost 0.02871285 628 145 639 231
goalpost 0.028191658 596 308 640 480
goalpost 0.027484925 589 424 622 468
goalpost 0.026773892 384 0 404 130
goalpost 0.025941689 221 108 247 153
goalpost 0.02563362 604 240 640 480
goalpost 0.024327021 320 37 336 152
goalpost 0.024123436 391 0 418 95
goalpost 0.023937903 600 231 633 464
goalpost 0.0239321 618 184 640 423
goalpost 0.023150878 75 102 252 480
goalpost 0.023026524 0 0 308 480
goalpost 0.022624945 625 196 640 338
goalpost 0.021151138 613 148 640 394
goalpost 0.021122862 327 85 345 150
goalpost 0.02094047 307 96 330 152
goalpost 0.020174807 388 0 423 139
goalpost 0.020115474 623 365 640 476
goalpost 0.01951738 424 0 454 23
goalpost 0.019459495 89 0 233 480
goalpost 0.019251231 0 137 119 444
goalpost 0.019104175 573 423 605 473
goalpost 0.018952718 621 51 639 107
goalpost 0.018483289 481 0 640 480
goalpost 0.01836571 376 0 411 135
goalpost 0.018100677 626 0 640 41
goalpost 0.018098496 481 0 640 480
goalpost 0.017904192 39 232 70 474
goalpost 0.01786493 0 0 294 451
goalpost 0.017843898 459 166 490 227
goalpost 0.017834526 523 395 551 480
goalpost 0.017774155 0 0 242 305
goalpost 0.017715285 473 158 498 237
goalpost 0.017692251 604 0 632 24
goalpost 0.017666578 605 320 640 480
goalpost 0.017587319 619 0 640 29
goalpost 0.017339462 580 342 640 480
goalpost 0.017224591 611 90 640 332
goalpost 0.017048057 396 0 415 132
goalpost 0.017046861 232 109 257 152
goalpost 0.01699027 623 205 640 386
goalpost 0.016950345 441 0 469 21
goalpost 0.016935812 517 417 558 480
goalpost 0.016725842 143 46 390 474
goalpost 0.016349036 107 0 320 397
goalpost 0.01623363 248 107 275 151
goalpost 0.01622372 384 0 402 76
goalpost 0.016161826 0 0 25 26
goalpost 0.016159087 498 0 556 424
goalpost 0.016039938 598 225 640 388
goalpost 0.015985608 15 0 190 473
goalpost 0.01594618 375 373 438 475
goalpost 0.01579847 265 105 293 150
goalpost 0.015717223 205 113 236 161
goalpost 0.015675997 621 73 638 133
goalpost 0.015661664 532 416 572 480
goalpost 0.015607418 469 0 525 414
goalpost 0.01560678 222 110 242 167
goalpost 0.015591601 360 339 423 441
goalpost 0.015436512 624 60 640 125
goalpost 0.015256987 609 18 640 278
goalpost 0.015230387 64 0 306 312
goalpost 0.015228494 616 305 640 480
goalpost 0.015161826 0 27 16 183
goalpost 0.015127623 617 409 639 462
goalpost 0.015092988 479 0 496 91
goalpost 0.015058506 609 416 640 455
goalpost 0.01500853 35 0 343 480
goalpost 0.0150021035 551 419 588 480
goalpost 0.014766215 463 155 484 241
goalpost 0.014713378 479 145 495 270
goalpost 0.014688844 526 365 546 480
goalpost 0.01449635 610 246 640 433
goalpost 0.01438717 334 33 351 144
goalpost 0.01435672 604 409 634 450
goalpost 0.014350905 622 311 640 474
goalpost 0.014317483 86 0 121 21
goalpost 0.01428382 0 96 44 480
goalpost 0.014263217 556 364 635 480
goalpost 0.014106104 269 95 290 157
goalpost 0.01402407 604 419 627 468
goalpost 0.014019806 0 161 36 465
