goalpost 0.94020605 362 23 562 341
goalpost 0.11842487 402 27 590 268
goalpost 0.09573519 432 0 624 254
goalpost 0.07555251 627 5 640 71
goalpost 0.066377 291 51 517 421
goalpost 0.06502304 395 17 601 415
goalpost 0.06361382 336 36 515 308
goalpost 0.055033665 407 0 551 237
goalpost 0.05243063 2 39 13 161
goalpost 0.052067157 373 0 590 272
goalpost 0.04361466 240 2 281 133
goalpost 0.04146505 620 19 640 87
goalpost 0.04054852 2 62 13 199
goalpost 0.04032757 365 0 535 376
goalpost 0.037135437 246 9 277 111
goalpost 0.036317624 88 293 124 480
goalpost 0.035800222 626 4 640 99
goalpost 0.035666093 407 0 441 18
goalpost 0.03424445 368 84 511 347
goalpost 0.033539098 393 5 524 314
goalpost 0.03308014 229 6 272 135
goalpost 0.03253544 420 0 455 21
goalpost 0.031985864 206 163 225 321
goalpost 0.031190006 454 0 598 209
goalpost 0.030791663 0 55 15 143
goalpost 0.030583875 0 77 33 409
goalpost 0.029826267 72 258 102 449
goalpost 0.02960148 0 25 16 117
goalpost 0.029192667 569 287 596 480
goalpost 0.028861083 1 9 14 135
goalpost 0.028173698 1 92 13 227
goalpost 0.02776065 0 75 14 169
goalpost 0.027608585 621 13 640 62
goalpost 0.027496243 393 0 427 16
goalpost 0.02658802 248 0 276 181
goalpost 0.026392289 626 0 640 49
goalpost 0.026272412 63 277 106 480
goalpost 0.026110122 286 0 640 383
goalpost 0.025591802 377 0 542 480
goalpost 0.025246128 202 139 229 343
goalpost 0.025168242 251 0 273 143
goalpost 0.023414396 368 0 640 480
goalpost 0.023391439 316 0 342 18
goalpost 0.023230806 620 0 640 33
goalpost 0.022727901 397 123 530 369
goalpost 0.022511987 338 12 475 257
goalpost 0.022349732 21 0 595 338
goalpost 0.022317668 625 31 640 127
goalpost 0.02213856 235 0 265 172
goalpost 0.021816917 153 0 181 25
goalpost 0.021603428 0 184 45 375
goalpost 0.021556832 301 0 328 20
goalpost 0.02141555 73 323 98 417
goalpost 0.02101589 239 0 261 144
goalpost 0.020858506 0 108 15 208
goalpost 0.020762935 619 33 640 108
goalpost 0.02006427 0 23 42 469
goalpost 0.019938687 367 0 506 245
goalpost 0.019892493 436 0 471 23
goalpost 0.019642808 5 176 42 417
goalpost 0.019564522 1 16 30 289
goalpost 0.019480785 625 308 640 445
goalpost 0.019414088 0 96 39 328
goalpost 0.01931695 275 0 640 480
goalpost 0.019204617 76 369 98 480
goalpost 0.019168872 361 0 461 318
goalpost 0.018990833 0 0 15 99
goalpost 0.01897832 329 0 357 16
goalpost 0.018840995 77 290 98 435
goalpost 0.018835973 137 0 166 26
goalpost 0.018710142 377 0 410 14
goalpost 0.018591758 0 8 17 86
goalpost 0.018410822 625 177 640 261
goalpost 0.018102542 174 0 601 480
goalpost 0.018071985 28 0 175 103
goalpost 0.018061152 169 0 196 24
goalpost 0.017901368 505 317 534 480
goalpost 0.017729994 235 0 289 100
goalpost 0.017588375 91 0 228 92
goalpost 0.017487327 366 0 640 480
goalpost 0.017459778 276 397 315 480
goalpost 0.017438577 420 71 513 398
goalpost 0.01731006 505 300 550 480
goalpost 0.017250974 197 184 234 353
goalpost 0.017250367 218 112 260 401
goalpost 0.01721418 573 314 593 466
goalpost 0.017186437 0 71 12 146
goalpost 0.016874412 85 250 121 340
goalpost 0.01680831 121 0 151 27
goalpost 0.01672755 202 171 229 285
goalpost 0.016645977 0 134 16 230
goalpost 0.016522799 72 333 102 480
goalpost 0.016446171 305 13 470 335
goalpost 0.016375514 0 297 83 480
goalpost 0.016367406 344 0 375 15
goalpost 0.016356729 607 0 634 22
goalpost 0.016323052 371 12 476 420
goalpost 0.016314557 624 96 640 215
goalpost 0.016202863 8 269 39 480
goalpost 0.016172512 211 11 265 411
