goalpost 0.37909982 27 0 56 89
goalpost 0.29951566 4 0 28 91
goalpost 0.16188858 29 1 51 57
goalpost 0.15047699 102 2 116 36
goalpost 0.12896644 99 3 114 72
goalpost 0.12753905 66 2 87 82
goalpost 0.12703551 553 227 576 247
goalpost 0.124409296 71 3 87 24
goalpost 0.116989136 260 225 299 352
goalpost 0.105352975 627 232 640 255
goalpost 0.09209744 622 249 637 283
goalpost 0.08616225 571 232 588 249
goalpost 0.08416245 485 280 504 325
goalpost 0.08360399 248 213 307 396
goalpost 0.07994363 268 235 290 321
goalpost 0.07753748 273 244 317 335
goalpost 0.06457239 481 209 508 239
goalpost 0.059869666 513 333 535 392
goalpost 0.059401657 390 255 407 296
goalpost 0.05829786 486 260 504 295
goalpost 0.05472958 450 277 471 326
goalpost 0.05460174 0 0 69 190
goalpost 0.05405967 449 258 469 297
goalpost 0.05373071 2 80 20 200
goalpost 0.052635144 552 247 571 283
goalpost 0.05150034 282 229 311 275
goalpost 0.051498797 420 210 440 259
goalpost 0.05137154 575 251 594 283
goalpost 0.0507931 549 280 565 332
goalpost 0.049840815 199 0 240 59
goalpost 0.04981757 388 200 408 215
goalpost 0.04878424 356 213 377 257
goalpost 0.047975775 0 173 71 470
goalpost 0.047799267 547 317 565 348
goalpost 0.046469513 544 210 577 225
goalpost 0.04483366 419 203 440 223
goalpost 0.04445421 424 254 443 293
goalpost 0.04312967 1 0 149 122
goalpost 0.042729903 310 275 344 323
goalpost 0.042498738 517 282 537 327
goalpost 0.04199758 267 227 283 289
goalpost 0.041056804 0 224 29 418
goalpost 0.040706202 210 2 250 71
goalpost 0.039138697 515 255 535 290
goalpost 0.038748696 389 276 410 320
goalpost 0.038571373 136 0 148 44
goalpost 0.03791178 423 278 444 320
goalpost 0.03752311 358 249 378 297
goalpost 0.036923256 453 207 478 231
goalpost 0.036612634 0 280 16 480
goalpost 0.03657953 389 303 413 355
goalpost 0.036282804 226 0 352 139
goalpost 0.034863524 454 14 492 92
goalpost 0.034728236 486 334 510 391
goalpost 0.034461644 0 422 25 480
goalpost 0.03309779 10 174 31 256
goalpost 0.033095207 451 326 473 388
goalpost 0.033076953 315 253 343 305
goalpost 0.032528568 268 264 322 401
goalpost 0.032303706 390 214 409 266
goalpost 0.03211972 418 315 443 352
goalpost 0.031945363 381 3 407 88
goalpost 0.031842224 206 0 305 183
goalpost 0.03157753 355 274 380 313
goalpost 0.030404635 508 172 606 417
goalpost 0.029769886 520 226 542 257
goalpost 0.029442651 619 25 639 95
goalpost 0.029359011 470 23 514 96
goalpost 0.02928062 617 10 640 39
goalpost 0.029125324 0 345 55 480
goalpost 0.029072851 485 322 506 350
goalpost 0.028857943 516 215 547 237
goalpost 0.028620146 268 207 381 383
goalpost 0.028609697 3 31 27 155
goalpost 0.02811687 421 323 443 387
goalpost 0.027962893 342 0 433 134
goalpost 0.02780132 623 272 639 325
goalpost 0.027696187 316 219 342 267
goalpost 0.027679855 450 316 472 346
goalpost 0.027606895 453 216 475 255
goalpost 0.02746852 576 277 594 330
goalpost 0.027035352 508 28 554 98
goalpost 0.02588008 517 322 538 361
goalpost 0.025736824 119 268 252 480
goalpost 0.025015507 5 139 26 229
goalpost 0.02467224 618 306 634 352
goalpost 0.024230514 191 283 320 480
goalpost 0.02413629 247 168 337 480
goalpost 0.02410999 182 0 247 208
goalpost 0.024070254 611 421 635 480
goalpost 0.023662705 93 0 191 157
goalpost 0.023554886 374 0 481 143
goalpost 0.022981727 51 0 131 200
goalpost 0.022871654 254 0 422 105
goalpost 0.021993598 167 0 188 54
goalpost 0.021977767 431 0 517 241
goalpost 0.021392778 191 68 237 256
goalpost 0.021254854 406 0 537 149
goalpost 0.020828974 545 336 570 399
goalpost 0.020738272 310 216 410 376
