goalpost 0.77962846 256 0 309 232
goalpost 0.40625635 0 64 37 191
goalpost 0.17871407 251 6 285 249
goalpost 0.10822659 0 45 26 221
goalpost 0.06764345 264 0 326 248
goalpost 0.06349126 476 1 530 139
goalpost 0.06130853 3 54 30 286
goalpost 0.06061253 0 84 32 172
goalpost 0.04873533 0 0 15 30
goalpost 0.042222332 463 0 533 176
goalpost 0.038795456 0 78 32 226
goalpost 0.03739154 2 0 12 73
goalpost 0.03664271 0 155 22 388
goalpost 0.035670478 247 0 306 271
goalpost 0.0347329 8 16 38 199
goalpost 0.034593828 0 56 23 269
goalpost 0.033395156 628 48 640 158
goalpost 0.032932572 0 0 10 50
goalpost 0.03159764 0 30 33 173
goalpost 0.030797713 0 0 14 42
goalpost 0.0304298 0 0 13 66
goalpost 0.030192567 526 0 640 480
goalpost 0.029411912 486 0 640 249
goalpost 0.028161442 259 0 293 214
goalpost 0.02800038 627 0 640 47
goalpost 0.026848705 244 29 290 203
goalpost 0.026726136 0 316 118 480
goalpost 0.025845107 79 320 94 441
goalpost 0.025824757 0 183 18 363
goalpost 0.024420109 311 0 640 480
goalpost 0.024238616 486 0 521 164
goalpost 0.023868661 627 25 639 125
goalpost 0.023522051 0 352 95 480
goalpost 0.023494527 0 0 29 190
goalpost 0.023179552 388 0 640 480
goalpost 0.023141474 481 190 569 310
goalpost 0.022840366 2 113 29 389
goalpost 0.02239881 466 178 533 324
goalpost 0.022211418 626 58 640 191
goalpost 0.022164585 0 88 19 240
goalpost 0.022094574 461 0 587 195
goalpost 0.02195194 0 190 28 366
goalpost 0.021579742 73 281 100 466
goalpost 0.021189133 380 17 585 279
goalpost 0.020936478 0 99 34 298
goalpost 0.020851422 487 0 562 184
goalpost 0.020814028 536 0 571 22
goalpost 0.020788016 620 0 640 23
goalpost 0.020721346 613 79 640 338
goalpost 0.020360779 8 65 53 191
goalpost 0.020105256 274 0 361 256
goalpost 0.020068094 465 12 517 147
goalpost 0.019979522 227 5 356 308
goalpost 0.01991188 531 0 635 349
goalpost 0.019887451 511 0 640 480
goalpost 0.01985078 0 334 86 480
goalpost 0.019836437 0 354 65 480
goalpost 0.019565528 85 58 122 151
goalpost 0.01954694 494 202 545 263
goalpost 0.019503217 78 53 127 176
goalpost 0.019500408 439 6 558 206
goalpost 0.019096015 627 2 640 70
goalpost 0.01875173 249 0 280 185
goalpost 0.018732436 6 153 37 398
goalpost 0.018583821 472 43 538 154
goalpost 0.018339798 370 0 579 214
goalpost 0.018154178 626 0 640 32
goalpost 0.018100848 550 0 583 20
goalpost 0.018039001 220 0 302 243
goalpost 0.01799525 489 11 543 147
goalpost 0.017803138 502 400 537 478
goalpost 0.01771191 472 231 536 326
goalpost 0.01767526 625 306 640 410
goalpost 0.01757596 64 358 108 480
goalpost 0.017495815 0 199 21 325
goalpost 0.017490461 115 150 242 357
goalpost 0.017294485 0 0 15 103
goalpost 0.017249236 477 8 576 253
goalpost 0.01721894 607 0 629 18
goalpost 0.017174166 252 7 300 165
goalpost 0.01709182 345 0 486 92
goalpost 0.016962832 0 151 17 310
goalpost 0.016949018 143 171 270 381
goalpost 0.016906757 494 197 560 344
goalpost 0.016866116 500 203 539 284
goalpost 0.01679167 485 9 521 125
goalpost 0.016664585 272 0 334 346
goalpost 0.01648925 199 0 232 21
goalpost 0.016397342 2 76 42 253
goalpost 0.01626406 8 72 33 220
goalpost 0.015959429 485 0 640 303
goalpost 0.015894797 343 0 376 24
goalpost 0.01576452 214 0 248 22
goalpost 0.015754662 183 0 217 22
goalpost 0.015734926 30 353 124 480
goalpost 0.015672415 56 64 122 165
goalpost 0.01563217 163 404 235 480
goalpost 0.015561177 0 191 39 410
goalpost 0.015276787 70 313 101 480
goalpost 0.015274155 510 191 559 251
