goalpost 0.6365271 272 12 452 429
goalpost 0.4189757 101 0 137 311
goalpost 0.30163774 414 24 454 226
goalpost 0.29161513 444 34 483 195
goalpost 0.28348458 216 119 420 449
goalpost 0.26470053 0 18 27 289
goalpost 0.25179973 6 0 67 263
goalpost 0.22925352 336 0 471 302
goalpost 0.2277179 52 0 119 241
goalpost 0.22709751 229 1 247 31
goalpost 0.21010193 232 27 361 387
goalpost 0.19094795 20 12 108 220
goalpost 0.18835506 106 6 132 187
goalpost 0.18735532 198 182 368 412
goalpost 0.17535573 190 9 483 274
goalpost 0.16447416 611 101 640 280
goalpost 0.15033968 269 0 515 194
goalpost 0.14832436 122 15 145 55
goalpost 0.14584905 541 0 571 51
goalpost 0.14296673 258 2 276 45
goalpost 0.14260384 0 17 39 181
goalpost 0.13925356 174 131 310 416
goalpost 0.13868085 115 0 143 147
goalpost 0.13477172 332 0 427 214
goalpost 0.1345629 111 0 146 235
goalpost 0.13396354 332 0 351 37
goalpost 0.11838226 212 3 227 28
goalpost 0.11284046 472 38 513 172
goalpost 0.110970445 305 3 395 343
goalpost 0.10795178 330 0 355 82
goalpost 0.10635637 354 0 376 25
goalpost 0.10274308 130 16 233 365
goalpost 0.10077513 200 56 533 403
goalpost 0.09545926 1 15 36 92
goalpost 0.09465555 366 27 429 233
goalpost 0.09265566 291 28 440 263
goalpost 0.08950711 55 50 167 405
goalpost 0.08765164 418 186 450 282
goalpost 0.0826674 96 102 280 354
goalpost 0.082245804 303 0 320 40
goalpost 0.07818771 239 3 254 74
goalpost 0.07717147 86 3 154 226
goalpost 0.07656591 443 0 481 95
goalpost 0.0738963 483 15 511 84
goalpost 0.07368533 250 145 299 377
goalpost 0.07354009 402 0 497 277
goalpost 0.0731257 32 0 122 340
goalpost 0.07221188 448 1 474 36
goalpost 0.071822636 107 18 136 87
goalpost 0.07137102 32 0 149 177
goalpost 0.07110659 114 0 181 232
goalpost 0.06958437 620 113 640 243
goalpost 0.06931886 346 0 384 90
goalpost 0.06826863 416 5 452 37
goalpost 0.06817364 405 3 455 124
goalpost 0.06752907 312 194 363 357
goalpost 0.06744039 182 195 242 362
goalpost 0.06504407 484 3 508 35
goalpost 0.06470741 622 9 639 43
goalpost 0.06452803 205 4 219 81
goalpost 0.06416924 344 34 390 251
goalpost 0.06352019 23 12 59 67
goalpost 0.06267531 384 0 415 19
goalpost 0.06170994 433 0 521 216
goalpost 0.06156836 349 0 553 151
goalpost 0.061539423 212 178 257 377
goalpost 0.06082673 314 0 368 234
goalpost 0.06060433 342 218 394 361
goalpost 0.060434937 281 148 328 368
goalpost 0.05981095 170 0 185 97
goalpost 0.05685627 1 259 11 345
goalpost 0.054103382 523 3 555 40
goalpost 0.05298299 94 170 147 327
goalpost 0.052306432 287 1 336 193
goalpost 0.05199737 59 0 184 146
goalpost 0.05144878 0 221 9 314
goalpost 0.050570425 379 193 419 294
goalpost 0.04983451 616 255 639 379
goalpost 0.04958652 0 0 68 206
goalpost 0.049180623 373 0 429 108
goalpost 0.048660446 296 185 433 480
goalpost 0.048330095 346 122 388 276
goalpost 0.04822591 0 187 11 293
goalpost 0.048037447 382 231 420 332
goalpost 0.04736386 169 3 184 40
goalpost 0.047048964 62 4 102 38
goalpost 0.046199676 242 267 394 480
goalpost 0.045874067 514 222 541 321
goalpost 0.044434536 359 0 466 182
goalpost 0.044048794 1 143 15 278
goalpost 0.043099362 277 0 355 326
goalpost 0.04225578 417 222 451 312
goalpost 0.04210765 570 4 597 38
goalpost 0.041437656 484 0 574 217
goalpost 0.040398054 495 180 513 217
goalpost 0.039165605 616 439 638 480
goalpost 0.038993258 256 12 291 147
goalpost 0.038483102 147 195 209 341
goalpost 0.03847794 375 153 421 258
goalpost 0.038436785 69 0 134 318
