goalpost 0.9033958 62 0 140 314
goalpost 0.42573568 33 0 75 149
goalpost 0.147382 531 111 640 389
goalpost 0.10464146 50 0 115 317
goalpost 0.099069275 543 39 640 480
goalpost 0.0689306 367 52 604 406
goalpost 0.062955365 53 44 137 414
goalpost 0.0610442 518 0 640 462
goalpost 0.050330453 469 0 640 462
goalpost 0.04320942 29 0 63 166
goalpost 0.03555711 53 0 156 480
goalpost 0.03540762 18 1 72 127
goalpost 0.034602717 469 0 640 341
goalpost 0.030521449 500 38 620 461
goalpost 0.029464748 68 23 177 311
goalpost 0.02776801 0 301 99 480
goalpost 0.027549222 20 49 125 286
goalpost 0.027355371 1 250 14 380
goalpost 0.02697888 484 0 640 346
goalpost 0.026300214 75 0 137 288
goalpost 0.025535202 43 0 87 157
goalpost 0.025395414 19 32 170 480
goalpost 0.025376065 571 122 640 480
goalpost 0.024269434 546 141 640 372
goalpost 0.023454137 36 0 138 247
goalpost 0.023283767 1 362 90 480
goalpost 0.02226144 39 0 70 135
goalpost 0.02133034 483 0 613 342
goalpost 0.021143146 527 0 640 328
goalpost 0.020931304 0 279 17 381
goalpost 0.020919586 13 0 115 237
goalpost 0.020362085 424 0 640 370
goalpost 0.020099137 310 412 347 480
goalpost 0.02007721 36 52 74 153
goalpost 0.019556552 0 17 126 480
goalpost 0.01948947 0 277 15 425
goalpost 0.01940258 46 9 119 181
goalpost 0.019158008 379 0 571 284
goalpost 0.01837085 0 352 65 480
goalpost 0.018201826 0 321 85 480
goalpost 0.017824095 30 10 59 139
goalpost 0.017774796 530 0 599 434
goalpost 0.017761046 63 304 80 448
goalpost 0.01759138 555 3 625 431
goalpost 0.017550439 540 142 635 327
goalpost 0.017382106 26 0 57 137
goalpost 0.017259764 242 56 486 409
goalpost 0.016922487 0 299 19 406
goalpost 0.016887033 342 188 378 251
goalpost 0.016523868 508 0 640 480
goalpost 0.01617953 429 90 640 477
goalpost 0.016170813 0 263 17 342
goalpost 0.016141903 0 212 104 480
goalpost 0.015820194 505 194 634 409
goalpost 0.015747372 17 39 74 147
goalpost 0.015532583 35 26 95 146
goalpost 0.015464404 537 192 639 362
goalpost 0.0153769385 537 0 640 480
goalpost 0.015313184 551 192 640 480
goalpost 0.0151812695 320 419 366 480
goalpost 0.015144627 347 176 372 262
goalpost 0.015040136 521 142 612 433
goalpost 0.01503979 567 94 640 407
goalpost 0.015007662 550 158 636 462
goalpost 0.014975448 514 177 616 347
goalpost 0.014916352 560 0 576 70
goalpost 0.014669043 295 411 330 480
goalpost 0.0144969635 351 145 369 257
goalpost 0.014456194 626 0 640 65
goalpost 0.014418334 0 361 111 480
goalpost 0.014304642 0 216 17 343
goalpost 0.01430173 0 0 155 375
goalpost 0.014257139 328 189 364 251
goalpost 0.014175805 496 86 631 336
goalpost 0.014114424 344 0 377 26
goalpost 0.014108976 56 338 90 480
goalpost 0.014045694 0 289 20 351
goalpost 0.013859646 359 0 392 25
goalpost 0.013757982 0 0 338 480
goalpost 0.013711257 51 299 106 480
goalpost 0.013610781 62 376 109 480
goalpost 0.013590202 486 0 614 480
goalpost 0.013541217 535 44 640 322
goalpost 0.01352074 39 0 72 106
goalpost 0.013356499 382 275 402 427
goalpost 0.013259113 31 0 153 480
goalpost 0.013182032 0 312 17 455
goalpost 0.013176835 42 17 70 160
goalpost 0.0130675 537 0 570 21
goalpost 0.013048984 525 189 640 468
goalpost 0.012988286 0 256 20 474
goalpost 0.012912424 378 299 405 408
goalpost 0.012895018 0 0 552 430
goalpost 0.012819718 105 0 168 296
goalpost 0.012819693 54 409 120 480
goalpost 0.012783549 488 377 553 473
goalpost 0.0127375955 506 16 614 293
goalpost 0.0127150025 5 423 48 474
goalpost 0.012672674 24 0 82 263
goalpost 0.012670866 272 0 640 469
