goalpost 0.9770195 371 21 630 457
goalpost 0.3297431 436 0 640 390
goalpost 0.1071987 353 80 563 480
goalpost 0.047956407 282 107 525 480
goalpost 0.04411389 597 394 636 479
goalpost 0.034474637 337 0 640 480
goalpost 0.033664707 500 0 640 362
goalpost 0.033586886 549 0 584 20
goalpost 0.032577675 473 0 622 480
goalpost 0.031721625 592 369 640 480
goalpost 0.031122586 535 0 569 19
goalpost 0.030073455 218 265 245 480
goalpost 0.03002148 607 402 640 469
goalpost 0.029821254 50 0 477 480
goalpost 0.02949326 222 291 242 456
goalpost 0.029211417 2 0 13 88
goalpost 0.028720781 508 0 537 20
goalpost 0.028205141 475 0 615 281
goalpost 0.027592305 0 0 21 31
goalpost 0.027475571 386 75 590 480
goalpost 0.027237514 206 0 640 480
goalpost 0.026339462 0 0 14 68
goalpost 0.02546787 3 168 12 264
goalpost 0.025459107 520 0 552 19
goalpost 0.025290893 1 0 14 144
goalpost 0.025045315 565 0 600 19
goalpost 0.024200916 628 122 640 223
goalpost 0.024104632 0 180 13 247
goalpost 0.023817882 0 135 15 220
goalpost 0.023360407 2 132 13 243
goalpost 0.023276119 0 195 11 256
goalpost 0.023222603 599 389 640 480
goalpost 0.02317898 587 399 640 480
goalpost 0.0231194 324 165 567 480
goalpost 0.023013538 3 196 12 299
goalpost 0.022824453 0 43 15 193
goalpost 0.022254983 412 0 615 361
goalpost 0.021987103 627 181 640 266
goalpost 0.021790212 0 220 13 296
goalpost 0.02137943 218 301 245 418
goalpost 0.021358278 1 99 14 231
goalpost 0.021315286 374 98 546 405
goalpost 0.021081474 627 150 640 247
goalpost 0.020868948 2 219 13 322
goalpost 0.02061096 0 0 19 44
goalpost 0.020234542 484 0 640 327
goalpost 0.020226743 409 60 640 480
goalpost 0.01965775 582 0 616 17
goalpost 0.01902738 601 0 632 17
goalpost 0.018951498 626 0 640 64
goalpost 0.018476356 383 213 491 479
goalpost 0.01846402 510 0 529 68
goalpost 0.01838321 495 0 522 19
goalpost 0.0183203 411 214 517 480
goalpost 0.018278489 626 286 640 377
goalpost 0.018223519 605 357 640 475
goalpost 0.01810012 203 159 225 238
goalpost 0.017620172 357 0 640 480
goalpost 0.017607069 0 293 16 451
goalpost 0.017527629 169 330 199 480
goalpost 0.01739097 185 163 215 212
goalpost 0.01734754 531 0 640 281
goalpost 0.017239772 558 0 576 55
goalpost 0.017117362 627 88 640 194
goalpost 0.01711485 0 243 14 322
goalpost 0.016990613 285 0 324 260
goalpost 0.01692348 601 316 640 471
goalpost 0.016822832 606 382 640 453
goalpost 0.016807051 199 161 230 213
goalpost 0.016478814 626 208 640 295
goalpost 0.016400062 0 201 15 246
goalpost 0.01637092 548 0 585 29
goalpost 0.01636448 542 0 561 58
goalpost 0.016294986 0 0 619 459
goalpost 0.016094198 131 0 640 453
goalpost 0.016092723 620 197 640 252
goalpost 0.016044406 276 0 332 298
goalpost 0.015877495 289 0 640 480
goalpost 0.015788442 0 211 14 258
goalpost 0.015745865 618 0 640 25
goalpost 0.015727261 0 106 17 207
goalpost 0.015570515 600 365 633 467
goalpost 0.015477774 45 174 63 244
goalpost 0.015438607 86 277 131 480
goalpost 0.01534656 609 330 640 480
goalpost 0.015338146 0 0 349 480
goalpost 0.015295807 88 321 117 480
goalpost 0.015240863 0 14 18 72
goalpost 0.015225747 614 376 640 475
goalpost 0.015122083 250 11 507 453
goalpost 0.015067398 599 415 634 480
goalpost 0.015041994 0 163 17 213
goalpost 0.014914195 1 235 14 351
goalpost 0.014782416 0 8 16 108
goalpost 0.014669436 12 0 34 28
goalpost 0.014625708 626 297 640 418
goalpost 0.014518909 186 188 215 247
goalpost 0.01451661 565 364 634 467
goalpost 0.01446967 534 0 570 30
goalpost 0.014452873 188 209 227 480
