goalpost 0.4798108 561 127 581 148
goalpost 0.4243659 105 1 124 20
goalpost 0.30510578 512 127 531 148
goalpost 0.25558007 568 129 585 155
goalpost 0.23067214 454 132 473 197
goalpost 0.2076921 317 46 351 60
goalpost 0.19578435 318 113 349 182
goalpost 0.19107948 130 9 149 29
goalpost 0.18701142 627 132 640 162
goalpost 0.18687646 0 2 15 38
goalpost 0.15059789 487 130 508 156
goalpost 0.14744578 423 131 442 153
goalpost 0.14469333 295 43 328 60
goalpost 0.12634239 619 0 640 51
goalpost 0.12169643 66 2 90 21
goalpost 0.11823804 225 31 257 54
goalpost 0.117113575 571 132 591 203
goalpost 0.10997103 555 130 582 206
goalpost 0.10518204 253 36 288 56
goalpost 0.09902531 425 138 445 193
goalpost 0.09729998 163 13 183 32
goalpost 0.09685904 37 3 62 22
goalpost 0.09412905 315 61 347 93
goalpost 0.08841897 550 116 585 141
goalpost 0.08771569 0 10 12 91
goalpost 0.087648116 513 133 536 204
goalpost 0.07733017 312 94 349 140
goalpost 0.07614155 624 132 639 206
goalpost 0.07436419 349 47 382 60
goalpost 0.07177683 390 129 411 148
goalpost 0.07120964 255 72 297 187
goalpost 0.071021505 288 57 325 97
goalpost 0.070044614 342 123 370 167
goalpost 0.070008375 344 140 372 205
goalpost 0.07000112 509 112 540 144
goalpost 0.06967589 225 15 258 32
goalpost 0.06801679 565 114 593 140
goalpost 0.06588261 483 112 512 148
goalpost 0.06367393 0 32 69 329
goalpost 0.06332908 277 96 321 180
goalpost 0.060577266 197 30 227 49
goalpost 0.06011358 33 0 133 194
goalpost 0.059498213 160 27 180 49
goalpost 0.058565687 617 0 640 81
goalpost 0.058537383 0 194 17 373
goalpost 0.057744414 465 78 566 324
goalpost 0.0569743 481 136 502 212
goalpost 0.05649524 317 11 361 36
goalpost 0.054858144 198 18 229 35
goalpost 0.054732416 326 154 349 220
goalpost 0.054287627 344 107 375 133
goalpost 0.053129923 255 16 292 33
goalpost 0.051318884 451 147 472 230
goalpost 0.050761994 349 69 378 95
goalpost 0.049440846 513 71 601 333
goalpost 0.049246423 138 17 154 51
goalpost 0.04897751 0 256 24 414
goalpost 0.04823134 293 166 315 214
goalpost 0.048128337 512 151 537 234
goalpost 0.047226273 452 0 557 197
goalpost 0.047046002 36 10 63 61
goalpost 0.042470425 338 0 443 166
goalpost 0.04180065 471 2 520 22
goalpost 0.041798737 451 80 481 105
goalpost 0.041555684 625 107 640 141
goalpost 0.04103369 288 12 331 31
goalpost 0.04095223 621 202 639 254
goalpost 0.040802196 295 0 407 160
goalpost 0.0404968 547 157 578 235
goalpost 0.040430855 1 413 30 480
goalpost 0.040374212 0 79 23 318
goalpost 0.039645247 482 161 507 234
goalpost 0.039440818 386 111 411 138
goalpost 0.03844944 485 0 595 199
goalpost 0.03803555 391 146 415 206
goalpost 0.037484974 0 302 69 480
goalpost 0.03731396 431 89 518 278
goalpost 0.03705612 448 170 471 258
goalpost 0.03699525 0 78 122 454
goalpost 0.036879186 293 324 313 390
goalpost 0.03684518 286 119 321 198
goalpost 0.03672516 538 0 640 136
goalpost 0.036643658 407 0 499 177
goalpost 0.036436543 405 0 557 102
goalpost 0.03541973 542 49 640 187
goalpost 0.034958888 294 290 311 337
goalpost 0.03477927 405 68 486 367
goalpost 0.03466384 0 2 125 307
goalpost 0.034177233 179 0 273 159
goalpost 0.033940572 573 151 598 230
goalpost 0.03381136 234 0 340 151
goalpost 0.033583824 528 62 640 249
goalpost 0.033429462 623 152 640 237
goalpost 0.03241209 605 0 640 151
goalpost 0.03225865 0 304 28 480
goalpost 0.03189022 0 55 47 444
goalpost 0.031072086 193 278 220 333
goalpost 0.03101749 2 0 102 207
goalpost 0.030834047 343 47 435 255
goalpost 0.030741751 272 23 370 270
