goalpost 0.29509646 483 60 613 383
goalpost 0.28425953 422 23 567 359
goalpost 0.26182613 86 0 132 16
goalpost 0.2342244 0 0 81 214
goalpost 0.22289108 304 269 353 379
goalpost 0.21845461 503 0 531 106
goalpost 0.21763055 410 117 578 480
goalpost 0.21646343 0 12 32 275
goalpost 0.18231437 604 70 637 327
goalpost 0.17616867 270 270 440 480
goalpost 0.17128183 268 273 361 391
goalpost 0.17046086 617 3 636 105
goalpost 0.1642162 442 0 491 164
goalpost 0.16174904 382 78 640 379
goalpost 0.16136234 278 234 474 391
goalpost 0.15403426 247 0 295 26
goalpost 0.15049048 389 117 507 457
goalpost 0.12924166 478 0 527 116
goalpost 0.121228 621 1 639 69
goalpost 0.11837763 422 14 461 157
goalpost 0.11274911 215 0 270 32
goalpost 0.10931327 469 0 518 164
goalpost 0.109166436 285 0 316 21
goalpost 0.104282014 432 0 450 17
goalpost 0.10406926 485 0 634 161
goalpost 0.100507975 419 0 538 210
goalpost 0.09950606 326 2 353 19
goalpost 0.09693083 466 16 639 252
goalpost 0.095661364 53 16 108 228
goalpost 0.09317399 239 206 373 424
goalpost 0.092346184 485 3 579 229
goalpost 0.090201154 506 5 533 46
goalpost 0.08467197 418 259 526 480
goalpost 0.08152652 443 0 477 18
goalpost 0.08078566 0 0 108 321
goalpost 0.07824266 468 263 515 381
goalpost 0.07619117 348 1 376 13
goalpost 0.0761715 386 240 478 480
goalpost 0.07396481 118 1 167 19
goalpost 0.07167289 500 0 543 161
goalpost 0.070757695 466 0 558 263
goalpost 0.070082076 611 412 637 480
goalpost 0.06890115 500 168 549 326
goalpost 0.0675163 343 238 505 480
goalpost 0.06389937 0 444 18 480
goalpost 0.063266344 581 2 605 29
goalpost 0.062736616 575 30 622 164
goalpost 0.06152302 471 59 517 244
goalpost 0.06070216 188 0 243 33
goalpost 0.059599183 486 4 525 43
goalpost 0.058807652 59 0 114 9
goalpost 0.058149338 248 267 356 474
goalpost 0.057405204 21 10 62 188
goalpost 0.056339487 202 0 294 200
goalpost 0.053562187 45 0 159 303
goalpost 0.05277436 52 0 237 129
goalpost 0.05266792 509 280 538 373
goalpost 0.050493762 426 173 544 432
goalpost 0.05030034 563 75 628 295
goalpost 0.050240763 158 0 256 186
goalpost 0.050200414 549 2 570 26
goalpost 0.050187763 472 150 527 315
goalpost 0.047981262 395 0 413 15
goalpost 0.04786003 17 29 78 264
goalpost 0.047148164 186 0 314 120
goalpost 0.046492137 559 39 640 429
goalpost 0.04631424 219 0 373 121
goalpost 0.04606986 26 0 292 390
goalpost 0.04570998 0 0 59 327
goalpost 0.045346912 163 0 200 28
goalpost 0.04365438 0 294 17 417
goalpost 0.04340843 409 127 456 274
goalpost 0.042919625 481 105 640 480
goalpost 0.041817423 469 201 520 352
goalpost 0.041466784 302 157 470 321
goalpost 0.04084436 558 174 626 330
goalpost 0.040519677 231 327 403 480
goalpost 0.039594907 14 0 181 342
goalpost 0.039117966 133 0 346 379
goalpost 0.03907027 587 0 640 297
goalpost 0.038812518 165 356 482 480
goalpost 0.0376881 28 11 475 350
goalpost 0.03756259 380 244 640 480
goalpost 0.03752012 197 169 328 425
goalpost 0.037444416 542 0 640 173
goalpost 0.036829222 532 0 621 250
goalpost 0.036004905 236 280 327 403
goalpost 0.035343084 247 199 302 243
goalpost 0.03513118 125 48 218 265
goalpost 0.034783434 34 450 63 480
goalpost 0.034408573 615 332 638 432
goalpost 0.033746798 0 25 32 88
goalpost 0.033627328 398 1 490 223
goalpost 0.033513796 218 81 372 329
goalpost 0.033453528 117 0 207 187
goalpost 0.033324834 530 88 585 283
goalpost 0.03329172 221 409 259 480
goalpost 0.032454997 531 165 587 345
goalpost 0.032355424 257 265 292 308
goalpost 0.032107104 157 60 507 284
