goalpost 0.5757125 94 2 115 30
goalpost 0.5432044 119 155 323 480
goalpost 0.5169359 274 0 292 22
goalpost 0.36192182 192 2 210 16
goalpost 0.3263427 9 10 29 40
goalpost 0.28235433 8 24 23 53
goalpost 0.26899427 62 182 98 287
goalpost 0.26551792 82 3 104 37
goalpost 0.23623022 29 9 53 36
goalpost 0.23221917 88 175 126 287
goalpost 0.2274505 278 0 299 19
goalpost 0.20231292 99 83 271 430
goalpost 0.18629605 276 252 331 418
goalpost 0.18501614 565 8 593 87
goalpost 0.18375915 534 38 586 216
goalpost 0.17830099 51 153 418 427
goalpost 0.16538318 267 0 292 90
goalpost 0.15724236 572 6 597 59
goalpost 0.15098636 31 63 195 466
goalpost 0.15039268 179 2 196 13
goalpost 0.13942367 173 38 307 442
goalpost 0.13768388 613 5 632 33
goalpost 0.13458203 533 0 618 251
goalpost 0.1332153 1 168 19 358
goalpost 0.12445606 94 194 122 320
goalpost 0.1161029 29 18 53 45
goalpost 0.115875155 339 25 367 117
goalpost 0.11501688 126 188 164 346
goalpost 0.11348409 246 253 299 413
goalpost 0.11286611 61 278 93 356
goalpost 0.10996786 525 105 587 288
goalpost 0.109530926 64 217 96 313
goalpost 0.107261375 554 7 581 43
goalpost 0.10362239 426 0 457 29
goalpost 0.102951474 318 268 351 439
goalpost 0.09687487 552 23 601 204
goalpost 0.093932636 282 176 332 278
goalpost 0.09347865 275 1 312 83
goalpost 0.091350354 477 30 589 348
goalpost 0.08891825 492 51 564 237
goalpost 0.08663061 230 2 250 26
goalpost 0.08626712 442 0 467 37
goalpost 0.08133625 257 221 361 480
goalpost 0.08115608 0 0 80 333
goalpost 0.07651095 122 0 147 12
goalpost 0.076410845 337 0 357 19
goalpost 0.07597233 527 5 550 33
goalpost 0.07527074 0 0 73 192
goalpost 0.07240771 88 2 116 70
goalpost 0.07207639 387 303 433 453
goalpost 0.07063763 140 0 240 207
goalpost 0.07007626 155 197 201 398
goalpost 0.07000634 0 117 270 364
goalpost 0.06975821 29 178 75 284
goalpost 0.06703354 91 233 120 347
goalpost 0.06489445 48 216 251 452
goalpost 0.06255301 199 0 278 241
goalpost 0.062486112 477 57 529 255
goalpost 0.062135596 580 0 640 168
goalpost 0.061755612 36 0 143 208
goalpost 0.060953688 223 0 303 195
goalpost 0.060769007 3 143 151 452
goalpost 0.059758745 363 195 435 480
goalpost 0.059246402 65 160 169 480
goalpost 0.057512287 0 152 75 480
goalpost 0.057455525 277 226 330 337
goalpost 0.056690995 280 0 385 160
goalpost 0.056160443 210 189 273 412
goalpost 0.055694077 619 0 640 95
goalpost 0.05536113 0 79 29 290
goalpost 0.050957512 61 268 111 432
goalpost 0.05080918 336 241 418 480
goalpost 0.050498273 393 181 480 477
goalpost 0.04928088 341 316 460 480
goalpost 0.048470706 197 9 220 71
goalpost 0.04810331 184 187 238 413
goalpost 0.04772274 341 0 367 23
goalpost 0.0473986 0 77 53 432
goalpost 0.046462804 311 186 349 274
goalpost 0.045520443 493 114 556 320
goalpost 0.04524521 436 61 608 276
goalpost 0.04511102 449 91 542 461
goalpost 0.043999072 76 0 106 61
goalpost 0.043689687 77 243 242 480
goalpost 0.043542754 527 165 577 324
goalpost 0.043442614 216 282 259 426
goalpost 0.043103356 376 0 462 194
goalpost 0.04247512 227 0 258 76
goalpost 0.042271547 135 280 309 480
goalpost 0.042207845 0 320 64 480
goalpost 0.041133363 253 178 297 308
goalpost 0.04042204 157 250 189 422
goalpost 0.038755856 400 297 443 480
goalpost 0.038631674 0 31 160 354
goalpost 0.03840966 248 0 351 161
goalpost 0.036513153 618 51 640 245
goalpost 0.036104146 49 0 201 115
goalpost 0.036005717 522 0 591 182
goalpost 0.03530098 413 0 502 208
goalpost 0.03482866 84 232 127 405
