goalpost 0.4233936 15 0 37 18
goalpost 0.3659033 28 1 51 23
goalpost 0.29324105 606 167 639 358
goalpost 0.2455906 400 1 419 42
goalpost 0.23108202 265 1 283 20
goalpost 0.17443952 358 209 377 302
goalpost 0.1699713 0 13 78 434
goalpost 0.15922017 231 3 249 27
goalpost 0.14487705 69 1 93 36
goalpost 0.1425817 446 195 475 271
goalpost 0.14246987 0 0 75 203
goalpost 0.13263646 409 0 432 43
goalpost 0.13196959 103 183 126 262
goalpost 0.12768897 400 9 416 64
goalpost 0.12563868 57 157 101 251
goalpost 0.122058354 288 3 308 37
goalpost 0.107862525 569 159 622 332
goalpost 0.10383066 2 141 33 338
goalpost 0.10327059 596 137 640 286
goalpost 0.10289244 0 65 130 468
goalpost 0.10036218 370 2 384 29
goalpost 0.09934872 205 4 227 32
goalpost 0.098295115 454 288 489 468
goalpost 0.09781365 448 197 470 232
goalpost 0.094810516 62 183 96 278
goalpost 0.09229492 289 1 312 94
goalpost 0.092175506 191 0 263 215
goalpost 0.08659604 267 4 292 98
goalpost 0.086581245 88 30 140 200
goalpost 0.086377874 292 184 320 324
goalpost 0.08234891 542 59 593 110
goalpost 0.08178182 222 29 260 234
goalpost 0.07691977 24 0 66 73
goalpost 0.07518777 0 0 120 333
goalpost 0.07429822 348 241 382 388
goalpost 0.07385914 552 83 640 376
goalpost 0.07379472 495 180 595 459
goalpost 0.07331121 250 117 284 210
goalpost 0.07300202 42 160 146 478
goalpost 0.07160259 221 6 297 210
goalpost 0.070892766 0 279 31 480
goalpost 0.07047041 6 7 33 109
goalpost 0.070408106 226 0 245 95
goalpost 0.0699021 564 122 605 170
goalpost 0.068608426 98 155 124 246
goalpost 0.068566985 517 138 627 409
goalpost 0.068186596 403 211 495 480
goalpost 0.06641742 0 150 65 480
goalpost 0.06460869 248 31 284 223
goalpost 0.06342717 198 0 289 335
goalpost 0.06288117 440 245 492 449
goalpost 0.06161638 473 97 640 302
goalpost 0.061508253 325 29 348 126
goalpost 0.06120623 444 249 488 358
goalpost 0.059987597 548 166 587 289
goalpost 0.059448544 617 1 640 40
goalpost 0.058196954 1 37 43 305
goalpost 0.057894714 574 117 640 480
goalpost 0.057565615 602 148 636 226
goalpost 0.05733556 428 238 548 432
goalpost 0.056199078 320 4 337 44
goalpost 0.05574936 569 130 617 249
goalpost 0.054176025 12 18 82 229
goalpost 0.054026432 134 19 221 352
goalpost 0.051850736 544 134 578 239
goalpost 0.049808335 0 269 71 480
goalpost 0.048321605 299 273 328 371
goalpost 0.047024116 584 40 640 221
goalpost 0.046081733 288 10 313 168
goalpost 0.04576152 538 51 600 138
goalpost 0.04574652 22 25 108 317
goalpost 0.045698017 50 38 107 243
goalpost 0.045646407 249 0 327 230
goalpost 0.045063227 156 10 235 202
goalpost 0.044536166 0 220 27 431
goalpost 0.0436091 16 0 166 169
goalpost 0.04238401 208 5 228 123
goalpost 0.04221892 545 111 584 199
goalpost 0.04091837 0 23 109 239
goalpost 0.040795613 576 153 640 346
goalpost 0.04015649 344 0 426 183
goalpost 0.03965318 358 46 376 101
goalpost 0.039646264 544 1 580 14
goalpost 0.03941296 368 9 381 75
goalpost 0.0389786 464 284 503 461
goalpost 0.03873934 521 0 552 10
goalpost 0.038722925 39 57 145 252
goalpost 0.03861405 104 242 120 297
goalpost 0.038576446 632 0 640 123
goalpost 0.038429342 0 270 142 480
goalpost 0.03813918 121 22 159 197
goalpost 0.037580468 617 85 640 150
goalpost 0.03729085 596 87 640 415
goalpost 0.0367593 0 70 154 313
goalpost 0.03668864 227 33 324 387
goalpost 0.036565974 504 29 605 196
goalpost 0.036487445 0 438 25 480
goalpost 0.03510774 65 222 88 316
goalpost 0.034333307 472 193 503 284
goalpost 0.033889577 23 152 69 281
