goalpost 0.34444737 2 122 23 218
goalpost 0.26442173 5 0 36 119
goalpost 0.2536375 476 0 627 221
goalpost 0.23515786 103 1 117 11
goalpost 0.21479101 277 9 322 162
goalpost 0.20926325 7 0 36 43
goalpost 0.18499547 191 4 214 34
goalpost 0.18238114 458 0 554 273
goalpost 0.17138968 562 49 619 186
goalpost 0.16458711 22 0 52 25
goalpost 0.16300614 323 0 344 21
goalpost 0.16224563 604 73 640 187
goalpost 0.15827617 219 13 259 159
goalpost 0.15804733 15 6 60 95
goalpost 0.1483835 510 0 640 350
goalpost 0.14030668 484 177 552 286
goalpost 0.13039304 0 0 77 205
goalpost 0.11858648 392 0 480 218
goalpost 0.11762157 516 23 597 205
goalpost 0.11530931 70 2 88 18
goalpost 0.1115331 254 0 298 167
goalpost 0.111426525 196 28 228 158
goalpost 0.107508965 435 15 499 194
goalpost 0.106449924 310 33 353 185
goalpost 0.10492515 426 0 451 21
goalpost 0.10228246 445 0 471 18
goalpost 0.100331575 254 1 360 204
goalpost 0.09717244 302 0 398 198
goalpost 0.09597183 607 141 640 228
goalpost 0.09529939 360 16 452 219
goalpost 0.092722036 352 0 617 195
goalpost 0.0921398 132 3 146 16
goalpost 0.089757375 610 8 640 53
goalpost 0.08747087 386 0 512 305
goalpost 0.08624725 457 31 607 393
goalpost 0.07910173 494 21 566 245
goalpost 0.07758151 417 0 640 268
goalpost 0.07392655 437 74 548 338
goalpost 0.07061056 497 4 640 257
goalpost 0.06948591 160 0 261 210
goalpost 0.06930148 514 0 545 23
goalpost 0.06822385 408 0 458 172
goalpost 0.06726103 500 0 570 135
goalpost 0.06696735 59 48 88 154
goalpost 0.065947115 539 0 582 26
goalpost 0.06562279 502 96 623 340
goalpost 0.06505464 178 3 198 24
goalpost 0.06475793 347 0 395 173
goalpost 0.061406642 188 219 214 300
goalpost 0.06131442 230 3 255 37
goalpost 0.061092343 561 0 640 269
goalpost 0.060573388 194 3 218 72
goalpost 0.060194727 505 0 640 139
goalpost 0.058977973 608 181 640 266
goalpost 0.058415465 569 141 617 233
goalpost 0.057029787 376 0 422 176
goalpost 0.05614114 563 0 611 21
goalpost 0.055394325 25 115 55 209
goalpost 0.05500544 616 285 638 467
goalpost 0.05338885 541 0 640 138
goalpost 0.052724596 489 0 512 22
goalpost 0.051387448 355 0 475 149
goalpost 0.050379314 174 30 195 142
goalpost 0.049608905 319 0 354 119
goalpost 0.04731884 355 4 385 32
goalpost 0.04698385 280 0 439 300
goalpost 0.046342015 20 0 182 128
goalpost 0.04605867 444 153 533 383
goalpost 0.045383308 0 422 23 480
goalpost 0.04531986 239 14 319 211
goalpost 0.044409633 413 0 515 156
goalpost 0.04352679 107 30 120 64
goalpost 0.03889387 613 210 640 281
goalpost 0.038039804 258 18 287 75
goalpost 0.037298243 444 0 486 97
goalpost 0.03472158 221 0 342 165
goalpost 0.03438701 23 88 58 179
goalpost 0.033938386 561 44 640 404
goalpost 0.03385174 336 0 418 226
goalpost 0.033768926 224 0 296 249
goalpost 0.03336137 290 10 314 63
goalpost 0.03263155 228 0 268 118
goalpost 0.031939514 574 186 612 265
goalpost 0.031904858 614 445 636 480
goalpost 0.03132009 384 7 415 45
goalpost 0.031293727 0 0 36 281
goalpost 0.03099745 414 0 453 104
goalpost 0.029950818 478 0 529 110
goalpost 0.028856205 63 179 91 283
goalpost 0.028408742 474 10 534 176
goalpost 0.027788987 485 180 613 428
goalpost 0.027193833 529 109 640 416
goalpost 0.025986198 609 0 640 135
goalpost 0.0259752 60 13 79 79
goalpost 0.024730619 578 217 617 278
goalpost 0.023826526 8 20 107 223
goalpost 0.022577947 576 348 640 480
goalpost 0.022437325 205 0 265 288
goalpost 0.021957815 614 255 640 307
goalpost 0.021952165 69 118 90 200
