goalpost 0.5523402 440 0 478 227
goalpost 0.34167987 468 4 559 234
goalpost 0.2674449 302 0 320 107
goalpost 0.2397733 430 17 517 215
goalpost 0.20839411 229 0 269 238
goalpost 0.20767663 194 0 223 156
goalpost 0.17813991 462 16 507 206
goalpost 0.17796753 608 41 640 247
goalpost 0.17004217 301 7 320 52
goalpost 0.1644211 249 0 320 316
goalpost 0.15902556 620 151 640 239
goalpost 0.14647684 0 210 21 300
goalpost 0.14451459 519 0 620 218
goalpost 0.13798916 273 24 324 281
goalpost 0.1285949 175 12 259 200
goalpost 0.12654774 0 0 22 126
goalpost 0.12567753 446 32 489 99
goalpost 0.12503296 295 6 376 299
goalpost 0.12409285 303 43 347 191
goalpost 0.121289544 246 13 283 141
goalpost 0.12094668 506 58 545 199
goalpost 0.11092668 363 6 383 128
goalpost 0.11077589 164 13 193 145
goalpost 0.10912427 469 27 507 68
goalpost 0.106163226 249 21 281 67
goalpost 0.10170376 0 0 95 207
goalpost 0.1010306 433 0 594 189
goalpost 0.10099444 144 0 272 166
goalpost 0.099994496 126 0 215 187
goalpost 0.09935024 245 12 288 284
goalpost 0.0970622 344 0 400 306
goalpost 0.094406605 309 3 337 100
goalpost 0.0881785 418 0 467 200
goalpost 0.08668932 386 0 466 286
goalpost 0.08572921 251 96 326 412
goalpost 0.0824273 229 0 299 264
goalpost 0.081463136 380 0 416 163
goalpost 0.08102816 260 0 347 178
goalpost 0.080677554 72 0 197 146
goalpost 0.078641176 377 0 519 179
goalpost 0.07843809 360 0 431 220
goalpost 0.07584734 421 0 487 266
goalpost 0.075557895 226 6 262 157
goalpost 0.07501781 538 63 577 212
goalpost 0.07493582 208 0 278 304
goalpost 0.07451338 19 0 129 186
goalpost 0.07070078 194 42 255 320
goalpost 0.07051108 489 0 582 302
goalpost 0.063646674 566 0 640 204
goalpost 0.060608566 607 10 640 128
goalpost 0.058171097 58 0 118 115
goalpost 0.0572501 23 201 68 272
goalpost 0.056751918 132 37 164 141
goalpost 0.056386974 212 148 310 428
goalpost 0.05613439 607 272 639 394
goalpost 0.056039628 79 0 139 113
goalpost 0.056001246 565 28 640 393
goalpost 0.054460254 191 10 226 58
goalpost 0.053603705 311 13 334 62
goalpost 0.052601855 586 167 610 241
goalpost 0.05199637 0 162 22 216
goalpost 0.050678067 226 0 326 165
goalpost 0.05053208 502 0 640 238
goalpost 0.04972253 613 435 637 480
goalpost 0.048960745 570 61 623 223
goalpost 0.04721416 519 27 635 349
goalpost 0.046957377 230 22 261 73
goalpost 0.046171717 92 40 126 141
goalpost 0.045738295 624 213 640 252
goalpost 0.045546204 173 78 224 301
goalpost 0.045379873 124 0 172 124
goalpost 0.045282442 11 0 165 140
goalpost 0.0446225 183 0 304 125
goalpost 0.043943133 223 0 360 279
goalpost 0.043516368 422 9 459 63
goalpost 0.041643623 571 10 619 70
goalpost 0.04144044 271 42 399 396
goalpost 0.04134864 0 183 26 270
goalpost 0.040205076 479 5 615 142
goalpost 0.03951584 548 7 586 66
goalpost 0.039292578 389 9 416 68
goalpost 0.03891178 601 0 640 253
goalpost 0.0383813 512 16 545 74
goalpost 0.03832912 549 0 640 145
goalpost 0.037623886 595 124 640 395
goalpost 0.03661995 0 310 75 480
goalpost 0.03650377 314 0 398 171
goalpost 0.033746947 309 41 340 132
goalpost 0.033460416 0 324 22 456
goalpost 0.03264213 163 11 200 62
goalpost 0.032587513 544 157 571 238
goalpost 0.03141502 0 0 50 291
goalpost 0.030938493 59 203 94 270
goalpost 0.030653339 298 46 326 147
goalpost 0.030362172 0 282 150 480
goalpost 0.030227948 617 239 639 330
goalpost 0.028681744 597 343 640 480
goalpost 0.02861906 507 12 552 145
goalpost 0.028472401 566 2 620 155
goalpost 0.028052885 252 158 295 325
