goalpost 0.92317104 281 0 352 272
goalpost 0.31665492 285 10 389 270
goalpost 0.060187567 2 28 28 321
goalpost 0.057896703 0 134 22 379
goalpost 0.055029634 629 0 639 51
goalpost 0.05056341 0 47 43 174
goalpost 0.047580253 278 2 310 83
goalpost 0.0453846 0 61 26 159
goalpost 0.042217903 0 158 18 349
goalpost 0.040778257 267 7 302 76
goalpost 0.0393685 0 98 29 398
goalpost 0.03740194 0 26 22 237
goalpost 0.035456352 0 29 29 180
goalpost 0.03422918 620 0 640 25
goalpost 0.033431303 287 0 396 200
goalpost 0.033379074 0 111 16 275
goalpost 0.032156162 609 0 633 18
goalpost 0.03135435 0 50 32 269
goalpost 0.029979836 308 32 386 420
goalpost 0.02893872 257 17 342 270
goalpost 0.028900174 316 43 442 266
goalpost 0.02859322 362 0 389 17
goalpost 0.02777168 627 11 639 122
goalpost 0.02722089 0 0 19 30
goalpost 0.02682955 0 77 20 302
goalpost 0.02670124 0 70 18 229
goalpost 0.026433226 176 436 192 480
goalpost 0.025814058 348 0 376 18
goalpost 0.02566875 0 309 112 480
goalpost 0.025326116 187 0 214 16
goalpost 0.024814159 202 0 229 17
goalpost 0.024601713 300 0 366 259
goalpost 0.02402286 0 163 36 392
goalpost 0.023704223 6 26 35 237
goalpost 0.023020968 129 388 143 448
goalpost 0.022602165 176 404 191 451
goalpost 0.022518665 270 4 320 121
goalpost 0.022048926 1 0 14 81
goalpost 0.021994194 403 351 443 432
goalpost 0.02197625 172 0 199 17
goalpost 0.021957891 0 60 38 162
goalpost 0.021742238 0 30 20 183
goalpost 0.021594044 0 328 84 480
goalpost 0.02156925 0 330 55 480
goalpost 0.021534028 265 0 356 216
goalpost 0.021245966 0 0 35 380
goalpost 0.021074148 619 310 640 350
goalpost 0.021018887 63 367 82 472
goalpost 0.021009512 6 129 35 390
goalpost 0.020705255 357 0 530 279
goalpost 0.020495685 73 36 104 85
goalpost 0.020263143 417 376 458 453
goalpost 0.020222634 0 0 30 225
goalpost 0.020104228 626 300 640 357
goalpost 0.020030862 2 347 90 480
goalpost 0.019966712 365 0 384 17
goalpost 0.019869335 268 16 425 420
goalpost 0.01976815 216 0 245 18
goalpost 0.019689208 172 417 194 452
goalpost 0.019528763 619 298 640 340
goalpost 0.019494725 0 180 21 320
goalpost 0.019368129 0 144 26 319
goalpost 0.019340944 494 0 562 179
goalpost 0.019246379 619 285 640 330
goalpost 0.01920966 626 30 640 160
goalpost 0.019101482 623 329 640 447
goalpost 0.018958047 395 369 450 434
goalpost 0.01873874 2 0 14 52
goalpost 0.018594423 210 0 473 259
goalpost 0.018574907 376 0 404 19
goalpost 0.018517343 145 397 158 446
goalpost 0.018466346 0 0 557 368
goalpost 0.01831415 62 363 108 480
goalpost 0.018305516 0 220 109 480
goalpost 0.017925434 155 0 184 19
goalpost 0.017839428 0 38 24 137
goalpost 0.01783233 0 158 20 282
goalpost 0.017754354 280 0 313 173
goalpost 0.017629568 0 425 28 468
goalpost 0.017599657 57 36 89 87
goalpost 0.01755553 0 0 317 438
goalpost 0.017509935 626 67 640 211
goalpost 0.017488496 0 216 41 441
goalpost 0.017303007 618 325 640 374
goalpost 0.017252332 405 381 470 465
goalpost 0.01716365 612 79 639 273
goalpost 0.017045142 53 393 118 480
goalpost 0.016988423 283 0 640 448
goalpost 0.01693213 317 0 584 232
goalpost 0.016901534 619 270 640 321
goalpost 0.016832663 174 383 192 443
goalpost 0.01681382 590 0 614 19
goalpost 0.016789135 418 395 459 477
goalpost 0.016752446 466 0 589 190
goalpost 0.01667843 403 374 444 454
goalpost 0.016596066 288 0 410 480
goalpost 0.01642468 73 28 104 71
goalpost 0.016389113 534 401 570 478
goalpost 0.016342666 626 273 640 339
goalpost 0.016326683 179 396 191 465
