goalpost 0.4167726 341 206 374 299
goalpost 0.35148975 542 0 627 248
goalpost 0.32245666 573 5 617 259
goalpost 0.23191029 598 37 638 281
goalpost 0.19300348 554 33 634 378
goalpost 0.14406 571 0 640 213
goalpost 0.12593912 513 16 550 204
goalpost 0.12573995 460 154 640 480
goalpost 0.12283432 427 196 450 222
goalpost 0.12124576 0 215 17 270
goalpost 0.11680243 516 2 591 235
goalpost 0.106374376 520 0 640 389
goalpost 0.10552242 575 0 610 45
goalpost 0.09901729 535 0 600 347
goalpost 0.09259715 572 35 640 265
goalpost 0.09202824 379 0 408 14
goalpost 0.08804173 562 0 640 164
goalpost 0.08087175 69 27 113 179
goalpost 0.077439986 0 27 18 188
goalpost 0.07413789 85 208 125 281
goalpost 0.07375365 551 0 582 41
goalpost 0.068918414 598 119 640 354
goalpost 0.06575102 599 26 637 140
goalpost 0.06474387 286 0 377 182
goalpost 0.064630955 0 0 74 189
goalpost 0.06422562 288 138 371 429
goalpost 0.061812963 520 3 546 38
goalpost 0.060950536 576 34 615 163
goalpost 0.06028632 0 253 16 328
goalpost 0.059838727 0 18 23 51
goalpost 0.05947216 66 202 106 267
goalpost 0.057561073 579 52 640 451
goalpost 0.05618449 356 5 388 24
goalpost 0.056054115 483 19 572 297
goalpost 0.055429325 318 182 440 361
goalpost 0.055019915 367 190 484 362
goalpost 0.054270614 453 179 577 392
goalpost 0.05394518 617 433 640 480
goalpost 0.053601403 517 209 640 477
goalpost 0.052904736 604 4 640 57
goalpost 0.052035123 0 234 17 306
goalpost 0.05149937 326 0 403 183
goalpost 0.050544918 520 21 543 100
goalpost 0.050220743 283 5 321 29
goalpost 0.050134145 419 208 456 281
goalpost 0.049922768 451 6 487 24
goalpost 0.04908157 17 0 107 183
goalpost 0.04650219 439 5 532 181
goalpost 0.04634098 28 3 72 23
goalpost 0.045567065 89 192 118 220
goalpost 0.044257034 488 5 640 200
goalpost 0.044226717 95 227 125 295
goalpost 0.04401857 123 3 154 27
goalpost 0.04394119 413 28 495 195
goalpost 0.042877216 617 0 640 124
goalpost 0.039978188 566 98 619 318
goalpost 0.039943404 0 198 15 244
goalpost 0.039886765 351 152 534 321
goalpost 0.038931306 422 136 537 423
goalpost 0.038775545 612 294 640 434
goalpost 0.03867301 49 174 194 337
goalpost 0.03858012 550 0 640 107
goalpost 0.03845797 549 30 581 102
goalpost 0.038342398 373 0 504 112
goalpost 0.0381704 498 107 583 385
goalpost 0.03771501 433 210 469 278
goalpost 0.037278928 342 26 429 212
goalpost 0.037137713 0 157 117 470
goalpost 0.036887314 409 208 498 373
goalpost 0.036758754 61 0 173 180
goalpost 0.036684882 483 23 519 173
goalpost 0.03665139 487 222 587 444
goalpost 0.03433373 250 0 336 183
goalpost 0.034170423 327 210 361 266
goalpost 0.034069702 100 5 136 28
goalpost 0.033306886 313 80 389 349
goalpost 0.032947615 421 5 451 20
goalpost 0.032125894 327 2 353 24
goalpost 0.031911563 251 3 297 26
goalpost 0.03179903 50 2 129 174
goalpost 0.031792298 287 260 368 477
goalpost 0.03169631 544 43 580 255
goalpost 0.031359695 379 204 420 290
goalpost 0.031352587 113 0 249 114
goalpost 0.031345535 199 3 287 182
goalpost 0.030863913 0 76 63 352
goalpost 0.03035821 483 8 514 33
goalpost 0.030299168 306 235 398 480
goalpost 0.029973451 60 7 99 27
goalpost 0.02973759 344 19 382 183
goalpost 0.02971945 1 415 29 480
goalpost 0.02968339 190 210 223 278
goalpost 0.029310292 604 238 640 412
goalpost 0.029029084 531 155 640 402
goalpost 0.028388223 26 244 66 317
goalpost 0.028201634 304 0 427 111
goalpost 0.027816957 126 236 159 294
goalpost 0.027655013 0 163 105 352
goalpost 0.02662242 176 291 323 480
goalpost 0.026596267 604 78 640 322
