goalpost 0.9506723 485 0 551 281
goalpost 0.13622065 485 17 584 311
goalpost 0.10147 2 43 11 152
goalpost 0.07993692 470 0 531 267
goalpost 0.057114217 0 56 12 139
goalpost 0.051886328 2 19 12 122
goalpost 0.041848082 1 56 12 181
goalpost 0.03754917 0 50 9 121
goalpost 0.0370684 453 24 565 303
goalpost 0.03325833 0 71 11 152
goalpost 0.031549107 628 0 639 67
goalpost 0.031451266 1 0 13 92
goalpost 0.03083514 270 235 316 370
goalpost 0.030775562 221 0 351 106
goalpost 0.03065264 508 0 580 238
goalpost 0.02856648 0 30 14 108
goalpost 0.02777692 539 0 567 23
goalpost 0.025196742 0 152 16 310
goalpost 0.025157502 4 359 90 480
goalpost 0.024580399 278 244 313 344
goalpost 0.02441064 288 0 412 98
goalpost 0.024379862 157 0 293 111
goalpost 0.023669755 0 86 15 179
goalpost 0.022757873 468 0 510 154
goalpost 0.022618735 0 19 13 87
goalpost 0.022485973 627 0 640 41
goalpost 0.022258358 280 202 308 427
goalpost 0.022245534 475 408 499 480
goalpost 0.021799574 494 0 556 254
goalpost 0.021762688 553 0 580 21
goalpost 0.021692146 627 80 640 174
goalpost 0.021466307 358 301 423 406
goalpost 0.0213695 487 41 522 299
goalpost 0.020530744 95 0 288 447
goalpost 0.020194598 0 58 14 110
goalpost 0.02001651 595 340 640 480
goalpost 0.01973397 475 0 568 222
goalpost 0.019689687 627 321 640 385
goalpost 0.019618148 519 15 638 309
goalpost 0.019483566 488 0 590 179
goalpost 0.019278737 462 18 610 466
goalpost 0.019278632 0 168 19 279
goalpost 0.019256935 524 0 554 24
goalpost 0.019204875 501 48 582 465
goalpost 0.018851452 258 240 305 372
goalpost 0.018715266 392 53 584 480
goalpost 0.01820789 599 427 638 467
goalpost 0.01818565 416 0 547 480
goalpost 0.018018741 0 234 102 480
goalpost 0.017948618 477 386 496 461
goalpost 0.01794518 313 390 379 480
goalpost 0.017938923 366 266 416 393
goalpost 0.017888 627 308 640 367
goalpost 0.01784416 0 6 15 79
goalpost 0.01777299 620 0 640 27
goalpost 0.017771116 607 0 631 18
goalpost 0.01771137 88 0 234 120
goalpost 0.01743724 0 129 20 346
goalpost 0.01740507 1 312 103 480
goalpost 0.017259488 0 76 14 130
goalpost 0.017234957 478 0 608 480
goalpost 0.017221265 569 0 597 19
goalpost 0.017151136 497 43 557 390
goalpost 0.01708651 371 303 412 401
goalpost 0.017007736 459 419 493 480
goalpost 0.017007712 0 360 60 480
goalpost 0.016991178 627 278 640 357
goalpost 0.0169247 181 133 218 217
goalpost 0.016817227 627 9 640 123
goalpost 0.016748723 328 314 360 480
goalpost 0.016632088 51 317 108 480
goalpost 0.016563892 623 395 640 480
goalpost 0.016510747 530 323 584 480
goalpost 0.016479075 0 0 168 448
goalpost 0.016369523 542 367 562 480
goalpost 0.016305232 0 34 44 138
goalpost 0.01629923 503 285 537 375
goalpost 0.016177094 264 231 325 337
goalpost 0.01612861 543 0 560 61
goalpost 0.016101392 0 0 15 64
goalpost 0.0160332 284 222 306 386
goalpost 0.016006256 619 307 640 350
goalpost 0.015929569 476 4 525 143
goalpost 0.015610062 328 400 393 480
goalpost 0.015504347 626 92 640 215
goalpost 0.015436613 470 419 505 479
goalpost 0.015420338 557 366 576 480
goalpost 0.015233443 266 213 297 435
goalpost 0.015180783 626 245 640 348
goalpost 0.01515986 33 360 119 480
goalpost 0.015099113 627 51 640 153
goalpost 0.015095822 548 357 630 480
goalpost 0.015076253 556 354 578 465
goalpost 0.015068304 0 96 15 225
goalpost 0.015060633 67 362 110 480
goalpost 0.0150486715 0 11 18 62
goalpost 0.015034605 166 122 203 202
goalpost 0.015018403 471 10 541 185
goalpost 0.015001257 437 50 524 480
goalpost 0.014982716 587 0 614 17
