goalpost 0.51488674 570 9 639 175
goalpost 0.38423824 83 106 125 254
goalpost 0.27847782 222 2 261 155
goalpost 0.2725244 336 1 349 10
goalpost 0.24094194 516 16 640 207
goalpost 0.23159084 207 0 229 32
goalpost 0.22150058 218 1 245 45
goalpost 0.18695374 61 107 109 261
goalpost 0.17381087 356 1 367 8
goalpost 0.16803508 499 0 640 144
goalpost 0.16206732 295 0 308 11
goalpost 0.15794793 392 1 406 9
goalpost 0.15025888 97 175 125 302
goalpost 0.14625151 534 2 595 124
goalpost 0.14260156 515 8 633 273
goalpost 0.13859852 164 107 190 245
goalpost 0.13776809 218 2 249 93
goalpost 0.13425292 3 31 14 64
goalpost 0.12776898 574 0 640 133
goalpost 0.12451556 536 49 610 187
goalpost 0.12036011 253 4 275 33
goalpost 0.10763932 120 1 142 36
goalpost 0.09850766 0 4 12 29
goalpost 0.09547836 545 13 640 333
goalpost 0.0926798 505 0 561 99
goalpost 0.090641156 42 108 78 268
goalpost 0.089529164 501 25 562 147
goalpost 0.08136319 72 90 201 265
goalpost 0.081259936 537 6 585 64
goalpost 0.07847706 487 3 593 178
goalpost 0.077651925 601 17 640 108
goalpost 0.077173494 571 0 640 225
goalpost 0.07327723 604 192 636 377
goalpost 0.07234542 426 0 451 8
goalpost 0.070057176 203 0 240 78
goalpost 0.0698777 454 3 480 17
goalpost 0.066526845 115 4 134 31
goalpost 0.06586029 65 189 102 323
goalpost 0.060183555 7 52 21 97
goalpost 0.057399355 515 3 553 51
goalpost 0.054329284 114 125 158 250
goalpost 0.054109298 507 75 559 181
goalpost 0.053540498 587 0 640 299
goalpost 0.053341705 34 70 130 287
goalpost 0.05154235 174 0 258 216
goalpost 0.050131135 80 112 156 309
goalpost 0.048022844 102 15 189 295
goalpost 0.045971982 592 100 640 204
goalpost 0.045882553 230 138 253 251
goalpost 0.04302999 0 335 12 413
goalpost 0.04268904 484 0 517 23
goalpost 0.041099768 479 6 533 89
goalpost 0.038852423 113 46 129 104
goalpost 0.038582247 574 10 621 68
goalpost 0.038047623 584 122 640 443
goalpost 0.03765068 0 243 9 321
goalpost 0.03757176 462 38 550 240
goalpost 0.03522911 362 22 373 63
goalpost 0.03510086 10 116 90 376
goalpost 0.034999702 113 30 130 76
goalpost 0.03417879 572 86 629 196
goalpost 0.03409867 604 207 632 292
goalpost 0.034094006 267 340 278 383
goalpost 0.033707958 613 441 634 480
goalpost 0.033485677 0 154 21 284
goalpost 0.032879543 557 51 640 297
goalpost 0.032168545 120 19 140 73
goalpost 0.031581726 189 23 269 271
goalpost 0.031088678 365 30 455 212
goalpost 0.030949468 243 2 273 85
goalpost 0.030869305 227 28 290 143
goalpost 0.030106435 335 8 350 60
goalpost 0.029109057 118 197 142 321
goalpost 0.028924331 151 9 224 309
goalpost 0.028817091 1 113 20 187
goalpost 0.028102646 293 13 381 206
goalpost 0.028087672 0 386 12 422
goalpost 0.02804209 392 22 403 65
goalpost 0.02787622 0 426 23 480
goalpost 0.027291048 413 45 504 198
goalpost 0.02709255 440 58 516 244
goalpost 0.02677294 225 0 307 209
goalpost 0.026561579 293 298 313 374
goalpost 0.025695449 218 0 295 105
goalpost 0.025149861 39 7 58 21
goalpost 0.024800226 263 6 346 205
goalpost 0.024373874 116 95 162 209
goalpost 0.024311792 240 331 250 384
goalpost 0.02394291 536 302 640 480
goalpost 0.023408951 0 133 18 231
goalpost 0.023284348 614 216 640 419
goalpost 0.02297654 248 0 336 140
goalpost 0.022871077 120 33 148 92
goalpost 0.022730263 181 119 221 239
goalpost 0.022496477 168 0 189 30
goalpost 0.022476329 259 98 356 265
goalpost 0.022008223 45 123 133 397
goalpost 0.021655211 6 82 24 132
goalpost 0.021022394 8 20 76 265
goalpost 0.020959336 0 199 15 299
