goalpost 0.38486886 123 0 160 311
goalpost 0.34449935 506 0 558 80
goalpost 0.2562698 116 0 148 214
goalpost 0.2256329 323 18 362 205
goalpost 0.21925868 333 5 378 216
goalpost 0.21855058 127 0 196 337
goalpost 0.19516376 419 0 548 248
goalpost 0.17477949 402 42 449 206
goalpost 0.16725951 381 14 426 202
goalpost 0.1472258 499 24 559 144
goalpost 0.1388711 373 0 474 306
goalpost 0.13250344 334 6 427 210
goalpost 0.12616423 63 26 85 154
goalpost 0.12596765 183 24 227 293
goalpost 0.12544025 620 3 640 43
goalpost 0.123718396 0 0 37 130
goalpost 0.12195259 460 0 593 209
goalpost 0.118836865 101 31 169 353
goalpost 0.11839749 509 0 552 47
goalpost 0.11605991 393 0 497 222
goalpost 0.112819634 370 0 627 250
goalpost 0.11076236 21 3 63 139
goalpost 0.1089532 195 0 221 130
goalpost 0.10801935 101 4 164 208
goalpost 0.10273164 155 13 211 302
goalpost 0.100623 524 6 572 84
goalpost 0.099404626 441 59 490 223
goalpost 0.0926536 286 21 328 195
goalpost 0.091074854 216 0 324 303
goalpost 0.090521 509 31 551 108
goalpost 0.089248054 328 0 447 320
goalpost 0.08908111 67 17 140 207
goalpost 0.08768785 30 1 111 202
goalpost 0.08634223 122 20 150 121
goalpost 0.081914425 347 10 379 50
goalpost 0.08119736 0 0 71 194
goalpost 0.0788446 198 15 220 71
goalpost 0.07422007 102 0 199 176
goalpost 0.07212462 463 288 525 418
goalpost 0.07009198 412 163 523 463
goalpost 0.0694381 531 3 571 45
goalpost 0.068348855 168 0 255 312
goalpost 0.06824997 481 0 528 91
goalpost 0.06695684 388 14 417 53
goalpost 0.06530848 68 51 91 171
goalpost 0.06393175 470 55 523 231
goalpost 0.06389999 495 0 640 138
goalpost 0.06347861 106 18 138 87
goalpost 0.0634657 344 140 373 230
goalpost 0.063337184 253 0 291 161
goalpost 0.061201207 495 139 560 298
goalpost 0.061047453 434 14 522 366
goalpost 0.06086121 325 22 358 76
goalpost 0.06036788 209 10 265 309
goalpost 0.05960941 481 0 521 41
goalpost 0.05828509 121 40 273 414
goalpost 0.0567709 128 9 232 230
goalpost 0.056222606 620 214 640 381
goalpost 0.055739082 282 5 366 221
goalpost 0.055003878 415 6 443 55
goalpost 0.054273058 0 9 32 74
goalpost 0.053611048 329 127 360 221
goalpost 0.053524345 256 2 329 206
goalpost 0.053352263 292 0 397 320
goalpost 0.053238515 112 12 140 172
goalpost 0.05236197 227 6 257 123
goalpost 0.051102456 220 0 263 188
goalpost 0.05046251 0 0 136 126
goalpost 0.049999546 474 145 524 291
goalpost 0.049758494 477 112 579 415
goalpost 0.049311843 161 18 192 50
goalpost 0.045765728 344 3 377 142
goalpost 0.045661006 346 141 477 455
goalpost 0.045375545 60 1 93 128
goalpost 0.044937763 499 70 556 225
goalpost 0.044071946 70 78 138 342
goalpost 0.043504853 621 151 639 321
goalpost 0.043396767 610 392 635 480
goalpost 0.043279782 90 159 174 446
goalpost 0.04271082 155 7 199 155
goalpost 0.040699244 225 17 249 56
goalpost 0.04035551 0 206 110 480
goalpost 0.039950162 479 388 516 480
goalpost 0.03965282 409 128 446 229
goalpost 0.03747179 519 198 613 480
goalpost 0.03655255 383 338 542 480
goalpost 0.03589764 435 213 573 480
goalpost 0.034846753 622 2 640 94
goalpost 0.034587555 448 417 482 480
goalpost 0.034534406 451 174 492 270
goalpost 0.03427928 218 65 254 238
goalpost 0.03426645 143 0 273 165
goalpost 0.03368355 123 138 185 433
goalpost 0.03362309 0 329 63 480
goalpost 0.032539174 434 56 598 308
goalpost 0.03252067 453 0 480 45
goalpost 0.032436896 292 12 321 50
goalpost 0.032106128 508 156 640 371
goalpost 0.032087676 351 52 552 283
goalpost 0.031835366 2 0 64 292
