goalpost 0.36733466 370 0 476 222
goalpost 0.28197896 270 7 489 254
goalpost 0.26227582 580 56 601 83
goalpost 0.23775032 432 38 488 233
goalpost 0.22851807 510 2 607 350
goalpost 0.22806855 607 67 630 104
goalpost 0.22765741 40 18 79 156
goalpost 0.1804052 384 0 518 270
goalpost 0.17479052 140 4 167 164
goalpost 0.17248957 345 24 441 265
goalpost 0.155797 604 69 640 189
goalpost 0.15393656 580 48 600 72
goalpost 0.14933898 338 18 403 225
goalpost 0.14348745 332 59 529 285
goalpost 0.13629344 158 6 195 154
goalpost 0.13215955 310 56 460 347
goalpost 0.13155478 159 116 183 169
goalpost 0.13134906 0 55 21 179
goalpost 0.12999076 59 0 153 182
goalpost 0.12604189 101 0 209 187
goalpost 0.123742 47 2 98 118
goalpost 0.12342424 380 114 428 274
goalpost 0.121370494 474 43 515 208
goalpost 0.12012613 403 147 456 262
goalpost 0.11746761 434 0 561 298
goalpost 0.11741901 496 47 629 462
goalpost 0.11712262 223 9 261 44
goalpost 0.10498363 26 26 124 231
goalpost 0.10332609 614 47 631 84
goalpost 0.101975255 317 38 361 181
goalpost 0.10102395 0 9 16 120
goalpost 0.1007849 0 0 107 205
goalpost 0.100672014 165 3 265 211
goalpost 0.10046047 143 106 164 155
goalpost 0.099217996 577 66 616 147
goalpost 0.09420964 322 10 348 38
goalpost 0.09383371 375 0 429 195
goalpost 0.09242299 331 0 521 180
goalpost 0.091174215 299 47 368 264
goalpost 0.08778901 382 26 421 81
goalpost 0.08683661 508 13 544 101
goalpost 0.085416384 603 78 640 388
goalpost 0.08489243 258 56 384 334
goalpost 0.079856195 83 12 128 160
goalpost 0.07949978 402 7 462 159
goalpost 0.07947817 540 2 569 20
goalpost 0.07909827 552 40 576 82
goalpost 0.07834423 436 151 485 259
goalpost 0.07653018 61 0 239 146
goalpost 0.075873025 435 6 492 150
goalpost 0.07227324 510 39 546 152
goalpost 0.07021942 476 5 514 28
goalpost 0.070183516 212 3 261 125
goalpost 0.06920186 529 49 640 273
goalpost 0.068847835 472 1 521 123
goalpost 0.068546765 414 12 448 50
goalpost 0.0681582 0 207 22 347
goalpost 0.06773612 540 47 568 153
goalpost 0.067166984 518 5 547 31
goalpost 0.06515453 121 56 187 328
goalpost 0.06205229 446 3 484 30
goalpost 0.061836276 0 6 18 48
goalpost 0.061691653 178 9 234 159
goalpost 0.060792472 58 7 96 42
goalpost 0.059600823 186 9 230 34
goalpost 0.05912949 613 7 634 40
goalpost 0.058912504 593 15 640 346
goalpost 0.058062367 381 0 592 152
goalpost 0.057684213 607 103 638 273
goalpost 0.057112288 28 250 77 368
goalpost 0.05692065 355 17 393 64
goalpost 0.054720737 544 31 602 294
goalpost 0.05364401 555 59 575 105
goalpost 0.053063955 446 9 532 222
goalpost 0.05044684 478 6 592 212
goalpost 0.047644842 4 432 28 480
goalpost 0.047545943 94 8 124 43
goalpost 0.047296744 300 13 326 43
goalpost 0.046706222 187 0 310 155
goalpost 0.04606396 51 52 90 160
goalpost 0.045932744 0 0 67 322
goalpost 0.04367893 381 194 429 289
goalpost 0.041865423 99 91 126 153
goalpost 0.041256867 233 82 305 373
goalpost 0.040973604 134 102 273 447
goalpost 0.040293697 64 9 136 296
goalpost 0.0390632 614 453 636 480
goalpost 0.038896203 591 0 640 120
goalpost 0.038610853 447 50 627 310
goalpost 0.037733734 250 0 353 159
goalpost 0.037474766 354 6 401 163
goalpost 0.037468616 139 0 215 292
goalpost 0.03721927 160 17 200 66
goalpost 0.036244124 561 41 640 480
goalpost 0.036101468 210 5 288 202
goalpost 0.03605746 441 286 593 480
goalpost 0.035802234 560 95 619 314
goalpost 0.035458107 249 8 281 33
goalpost 0.034615565 286 40 328 175
goalpost 0.034541067 582 6 608 29
