goalpost 0.480774 99 21 205 373
goalpost 0.27434847 96 0 184 230
goalpost 0.2556164 536 22 590 181
goalpost 0.25418708 127 15 217 238
goalpost 0.21567523 192 22 224 222
goalpost 0.21140899 599 161 639 424
goalpost 0.1952754 358 55 377 138
goalpost 0.18044917 145 0 198 306
goalpost 0.17948566 3 0 25 170
goalpost 0.17153423 550 40 609 186
goalpost 0.17063701 117 0 158 195
goalpost 0.16601238 348 33 373 68
goalpost 0.16491458 562 129 635 359
goalpost 0.1505113 414 22 448 118
goalpost 0.14331204 81 0 167 363
goalpost 0.14209343 266 10 284 38
goalpost 0.140195 616 61 640 257
goalpost 0.13519113 58 0 98 168
goalpost 0.13346198 536 98 640 404
goalpost 0.12775669 404 0 457 204
goalpost 0.123757794 22 7 111 353
goalpost 0.119066656 95 0 139 202
goalpost 0.11515328 547 42 621 332
goalpost 0.11483363 389 30 415 95
goalpost 0.112040415 72 0 145 260
goalpost 0.10292366 42 0 125 207
goalpost 0.09741838 615 16 640 188
goalpost 0.09666844 0 6 220 272
goalpost 0.09640583 353 0 460 241
goalpost 0.09578967 0 0 73 212
goalpost 0.09396663 190 14 215 56
goalpost 0.09380336 577 53 640 246
goalpost 0.09247409 359 171 432 298
goalpost 0.09224502 231 34 254 161
goalpost 0.091714196 2 6 31 85
goalpost 0.090933196 108 0 256 184
goalpost 0.09060435 103 0 132 58
goalpost 0.08826087 507 19 562 168
goalpost 0.087629005 384 31 419 148
goalpost 0.0856725 520 4 543 32
goalpost 0.085660696 337 31 358 62
goalpost 0.08258241 239 8 255 34
goalpost 0.08125166 261 69 279 149
goalpost 0.080543175 616 13 640 97
goalpost 0.07818734 412 0 503 190
goalpost 0.07787961 434 19 485 121
goalpost 0.07733543 386 0 547 149
goalpost 0.07681539 68 0 99 103
goalpost 0.0766325 8 215 105 475
goalpost 0.076449186 158 20 192 62
goalpost 0.07622299 188 5 220 126
goalpost 0.075238116 27 134 98 427
goalpost 0.07486259 29 0 63 160
goalpost 0.07430072 489 76 576 324
goalpost 0.07342519 123 9 161 48
goalpost 0.073387496 453 0 562 176
goalpost 0.07286066 268 16 285 69
goalpost 0.069231175 30 8 72 229
goalpost 0.06588809 492 35 604 236
goalpost 0.06575156 56 91 196 457
goalpost 0.06351547 467 24 528 165
goalpost 0.06334239 521 8 632 185
goalpost 0.06143791 148 6 194 176
goalpost 0.060671877 153 0 297 146
goalpost 0.05875727 71 0 96 39
goalpost 0.057637006 296 65 419 417
goalpost 0.057047028 334 72 468 412
goalpost 0.05500974 316 19 388 301
goalpost 0.054906145 347 0 416 308
goalpost 0.054309525 440 3 524 237
goalpost 0.05310907 124 2 183 349
goalpost 0.052978806 583 0 640 211
goalpost 0.052514493 237 15 256 93
goalpost 0.052321963 4 141 155 445
goalpost 0.052030817 337 64 353 133
goalpost 0.05196478 519 139 624 480
goalpost 0.051541023 344 149 399 310
goalpost 0.049489707 600 104 640 445
goalpost 0.048797164 92 91 151 341
goalpost 0.048139513 417 21 453 60
goalpost 0.04773456 385 47 488 268
goalpost 0.04753126 145 48 222 374
goalpost 0.046877153 522 49 640 252
goalpost 0.044733327 350 19 378 43
goalpost 0.04271599 545 0 570 26
goalpost 0.04269318 65 155 150 385
goalpost 0.04174389 579 182 623 413
goalpost 0.0413567 473 16 515 125
goalpost 0.04122081 543 151 585 320
goalpost 0.04070618 543 40 574 110
goalpost 0.040535342 566 131 607 251
goalpost 0.040376373 348 68 398 257
goalpost 0.039890695 13 0 146 130
goalpost 0.03915484 268 58 282 102
goalpost 0.037930958 443 15 479 64
goalpost 0.037692636 512 36 547 112
goalpost 0.037600208 482 12 510 63
goalpost 0.036394197 632 0 640 114
goalpost 0.03582462 541 448 570 480
goalpost 0.03521354 388 125 511 359
