goalpost 0.92587155 124 45 361 480
goalpost 0.18206264 195 0 377 351
goalpost 0.12477182 631 2 640 39
goalpost 0.07656681 622 0 640 29
goalpost 0.06487859 61 0 329 401
goalpost 0.05798838 404 395 446 480
goalpost 0.05142598 522 4 590 191
goalpost 0.05093819 623 6 639 35
goalpost 0.04992739 91 0 351 297
goalpost 0.04719053 62 238 81 389
goalpost 0.0461872 84 46 273 382
goalpost 0.04531564 394 384 456 472
goalpost 0.039314833 497 23 568 207
goalpost 0.039041225 330 0 359 33
goalpost 0.03812704 508 8 600 239
goalpost 0.03755803 418 397 458 478
goalpost 0.036875114 470 400 508 476
goalpost 0.03584751 133 0 316 130
goalpost 0.035119936 573 0 595 13
goalpost 0.034887727 556 0 584 11
goalpost 0.034820244 629 11 639 69
goalpost 0.034113266 104 116 288 445
goalpost 0.032622516 89 0 416 480
goalpost 0.03259963 0 0 362 480
goalpost 0.0317578 588 0 607 16
goalpost 0.031182123 538 0 568 11
goalpost 0.031034239 272 0 427 93
goalpost 0.030703885 340 0 488 89
goalpost 0.030340241 610 2 626 22
goalpost 0.030261429 198 0 368 110
goalpost 0.028740643 523 0 553 13
goalpost 0.028719626 74 129 322 480
goalpost 0.028453099 612 0 631 17
goalpost 0.028041584 319 0 348 30
goalpost 0.027477188 381 391 443 480
goalpost 0.027375465 0 251 17 419
goalpost 0.027350841 0 239 32 480
goalpost 0.026821556 0 230 19 465
goalpost 0.026638608 58 218 84 419
goalpost 0.026079718 628 19 639 95
goalpost 0.02558777 319 0 348 40
goalpost 0.025522295 124 6 329 228
goalpost 0.025444211 0 270 38 471
goalpost 0.025143467 143 0 399 260
goalpost 0.024716599 58 258 86 360
goalpost 0.024632117 577 0 592 32
goalpost 0.02454957 331 0 356 48
goalpost 0.024152238 62 214 82 347
goalpost 0.023848936 74 0 259 134
goalpost 0.023180436 478 0 590 193
goalpost 0.022817161 484 400 520 477
goalpost 0.022800675 196 52 371 480
goalpost 0.022783142 314 0 485 286
goalpost 0.022574667 0 0 15 97
goalpost 0.02228418 335 0 353 60
goalpost 0.021823892 409 403 470 480
goalpost 0.021406393 0 0 21 200
goalpost 0.021127429 510 0 554 262
goalpost 0.021083375 535 0 579 205
goalpost 0.021027794 604 251 640 480
goalpost 0.020441193 37 0 434 480
goalpost 0.020203741 0 0 329 448
goalpost 0.020110844 573 0 593 9
goalpost 0.019772572 588 0 612 11
goalpost 0.019748213 508 0 538 15
goalpost 0.01966372 0 0 17 149
goalpost 0.019051034 0 419 22 462
goalpost 0.01867387 510 53 598 198
goalpost 0.01866717 188 69 415 459
goalpost 0.018387765 0 67 267 480
goalpost 0.018378384 43 38 177 228
goalpost 0.018314818 0 0 23 33
goalpost 0.01826688 127 158 365 480
goalpost 0.018179407 526 0 544 54
goalpost 0.018165234 593 2 606 40
goalpost 0.018156318 0 319 16 454
goalpost 0.018053208 614 6 633 26
goalpost 0.017999157 248 0 283 28
goalpost 0.01784573 0 42 17 193
goalpost 0.017635632 29 0 301 226
goalpost 0.017507942 627 32 639 139
goalpost 0.017430477 390 361 457 454
goalpost 0.017339488 9 0 90 57
goalpost 0.01733662 157 0 302 480
goalpost 0.017328873 542 0 579 114
goalpost 0.017177047 484 27 577 263
goalpost 0.017100068 0 427 23 474
goalpost 0.016924648 598 279 640 480
goalpost 0.01676529 367 0 462 87
goalpost 0.016718432 521 0 600 63
goalpost 0.016670153 492 0 574 214
goalpost 0.016596159 0 0 19 75
goalpost 0.016591063 71 0 107 16
goalpost 0.01657571 527 0 588 252
goalpost 0.01657246 0 0 114 186
goalpost 0.01656366 400 0 549 97
goalpost 0.016540932 0 244 41 415
goalpost 0.016513605 36 0 123 52
goalpost 0.016452057 0 91 61 215
goalpost 0.016434103 339 0 372 30
