goalpost 0.92757237 240 0 386 420
goalpost 0.20566477 226 8 338 344
goalpost 0.10987896 194 80 430 408
goalpost 0.0926875 166 66 377 345
goalpost 0.07674929 260 64 360 426
goalpost 0.07550411 631 147 639 210
goalpost 0.06629717 630 0 640 67
goalpost 0.053069554 188 2 366 453
goalpost 0.04281385 541 160 562 219
goalpost 0.04218176 573 173 594 233
goalpost 0.038783774 629 129 639 189
goalpost 0.03737659 430 89 445 219
goalpost 0.037340514 0 127 16 294
goalpost 0.035861097 140 0 364 272
goalpost 0.035110857 630 160 639 253
goalpost 0.034793764 285 0 410 480
goalpost 0.03452537 0 108 20 336
goalpost 0.032176305 198 4 310 260
goalpost 0.032052465 628 0 640 50
goalpost 0.03181886 586 163 607 216
goalpost 0.031786546 558 173 581 230
goalpost 0.03177724 205 7 431 265
goalpost 0.030935356 242 0 346 273
goalpost 0.030130003 231 11 271 180
goalpost 0.029850984 114 89 385 453
goalpost 0.02953631 491 153 513 221
goalpost 0.029494036 556 163 578 217
goalpost 0.028966771 628 197 639 269
goalpost 0.028641783 585 182 607 240
goalpost 0.02820686 220 0 322 231
goalpost 0.027524618 526 159 553 211
goalpost 0.027067032 245 0 277 222
goalpost 0.026143257 497 151 512 242
goalpost 0.025846647 1 113 31 375
goalpost 0.025365556 327 0 488 279
goalpost 0.024202378 0 151 19 271
goalpost 0.023847869 628 112 639 176
goalpost 0.023453185 570 167 597 220
goalpost 0.023139335 627 242 639 310
goalpost 0.022964159 1 100 15 216
goalpost 0.022747312 427 51 453 254
goalpost 0.02204248 551 369 638 480
goalpost 0.021871252 620 0 640 32
goalpost 0.021467885 628 0 639 92
goalpost 0.021348925 535 343 640 480
goalpost 0.02127674 589 0 611 24
goalpost 0.021236844 427 128 447 212
goalpost 0.021165451 236 0 305 290
goalpost 0.021100191 577 371 640 480
goalpost 0.020813107 0 32 31 303
goalpost 0.020805376 259 3 460 393
goalpost 0.020297496 544 147 558 225
goalpost 0.020283422 233 18 317 248
goalpost 0.020222185 0 340 48 480
goalpost 0.02009202 243 0 404 480
goalpost 0.020071521 496 137 511 218
goalpost 0.019998167 136 126 166 172
goalpost 0.01995167 67 344 109 480
goalpost 0.019930698 237 42 283 188
goalpost 0.019920016 0 129 25 300
goalpost 0.01986067 284 131 374 438
goalpost 0.019764833 2 75 14 180
goalpost 0.019417832 150 125 183 173
goalpost 0.019353025 10 353 86 480
goalpost 0.019259878 13 0 190 480
goalpost 0.018850291 627 94 639 164
goalpost 0.018730955 620 147 637 187
goalpost 0.01868721 626 16 639 117
goalpost 0.018606337 607 0 625 27
goalpost 0.018600281 506 154 529 221
goalpost 0.018540647 78 174 139 480
goalpost 0.01854022 1 260 15 358
goalpost 0.018357638 619 135 638 175
goalpost 0.018264882 576 161 591 241
goalpost 0.018165702 492 0 603 153
goalpost 0.018152507 586 152 609 195
goalpost 0.018134063 12 0 485 480
goalpost 0.018114718 585 138 613 171
goalpost 0.018028986 0 0 25 26
goalpost 0.017832771 593 145 606 210
goalpost 0.017735237 55 398 119 480
goalpost 0.01770602 0 297 17 366
goalpost 0.017425943 606 141 629 168
goalpost 0.017259408 122 125 153 173
goalpost 0.017258331 159 0 471 480
goalpost 0.017242827 0 149 38 344
goalpost 0.016946834 417 127 439 211
goalpost 0.016901169 0 163 18 326
goalpost 0.01677744 71 314 102 480
goalpost 0.016713157 574 189 597 244
goalpost 0.016537659 577 149 591 214
goalpost 0.016507464 627 253 640 353
goalpost 0.016359776 525 167 549 233
goalpost 0.016167793 279 0 391 287
goalpost 0.01611434 299 55 388 415
goalpost 0.016025785 626 55 640 140
goalpost 0.015898123 621 3 639 44
goalpost 0.015894072 541 181 566 236
goalpost 0.015856674 573 324 640 480
goalpost 0.015783858 588 10 612 69
