goalpost 0.62530774 483 0 526 119
goalpost 0.27931678 296 0 409 258
goalpost 0.23724324 257 6 300 154
goalpost 0.22189425 259 3 288 91
goalpost 0.20622468 340 16 428 238
goalpost 0.20037569 220 10 398 226
goalpost 0.18843669 2 191 23 311
goalpost 0.18813436 258 2 285 41
goalpost 0.1863795 383 10 488 240
goalpost 0.17946903 268 0 370 272
goalpost 0.17319113 271 2 331 187
goalpost 0.16827025 0 0 22 103
goalpost 0.16610654 477 0 624 152
goalpost 0.15979959 353 0 394 23
goalpost 0.15249619 438 0 501 94
goalpost 0.14444156 307 25 368 262
goalpost 0.14332528 376 0 425 41
goalpost 0.13981825 437 0 553 187
goalpost 0.12228222 247 4 410 388
goalpost 0.1216941 19 158 79 264
goalpost 0.109399095 492 1 581 211
goalpost 0.10568584 421 0 597 127
goalpost 0.10517187 404 67 458 214
goalpost 0.10346851 484 8 522 74
goalpost 0.10139075 2 163 32 285
goalpost 0.099772245 499 15 533 65
goalpost 0.098539084 43 158 97 272
goalpost 0.09697472 8 124 30 169
goalpost 0.0961383 609 424 637 480
goalpost 0.095486805 260 26 292 125
goalpost 0.08568884 409 0 472 81
goalpost 0.0805933 616 0 640 109
goalpost 0.07580677 408 0 460 50
goalpost 0.07474358 362 0 535 137
goalpost 0.07394894 70 0 228 138
goalpost 0.07220576 122 92 157 138
goalpost 0.07211495 0 0 20 59
goalpost 0.07207221 307 146 368 266
goalpost 0.071054935 317 29 403 198
goalpost 0.06857154 439 2 490 54
goalpost 0.06823257 27 128 58 165
goalpost 0.06356823 86 1 150 86
goalpost 0.060165484 478 34 533 184
goalpost 0.05803683 310 8 485 335
goalpost 0.057985365 335 191 394 285
goalpost 0.057871193 613 208 640 360
goalpost 0.057065494 282 0 314 27
goalpost 0.053557314 228 0 262 93
goalpost 0.053448234 5 0 135 164
goalpost 0.05291797 214 0 308 180
goalpost 0.052896544 281 0 430 152
goalpost 0.05266868 56 1 113 91
goalpost 0.052517176 232 1 262 40
goalpost 0.052247975 23 143 63 203
goalpost 0.050841395 537 3 581 112
goalpost 0.050547432 252 26 331 269
goalpost 0.050368775 225 77 468 318
goalpost 0.04941089 113 1 158 82
goalpost 0.0481632 0 131 113 304
goalpost 0.047178008 315 274 349 420
goalpost 0.045888796 132 144 159 235
goalpost 0.045579024 623 83 640 179
goalpost 0.04549542 356 67 535 313
goalpost 0.044985358 7 148 33 216
goalpost 0.044250924 0 0 81 200
goalpost 0.043930314 279 46 365 202
goalpost 0.04375503 621 44 640 130
goalpost 0.042358495 19 6 78 97
goalpost 0.04050125 161 77 185 101
goalpost 0.040136818 469 0 549 248
goalpost 0.0398949 506 407 544 480
goalpost 0.039642613 601 370 640 480
goalpost 0.03823116 544 0 634 204
goalpost 0.037298985 327 114 403 279
goalpost 0.036826447 527 0 640 134
goalpost 0.036695078 232 0 381 137
goalpost 0.03648467 443 39 487 175
goalpost 0.036117062 279 6 321 110
goalpost 0.036002364 122 70 153 107
goalpost 0.0348144 96 95 138 138
goalpost 0.034800753 271 139 364 403
goalpost 0.034059998 2 242 15 332
goalpost 0.033120234 140 0 304 135
goalpost 0.03291968 195 0 233 78
goalpost 0.032714244 0 338 67 480
goalpost 0.03269897 108 32 256 176
goalpost 0.03247455 178 43 286 198
goalpost 0.031835075 618 168 640 237
goalpost 0.031469535 585 0 640 145
goalpost 0.031169789 434 0 508 275
goalpost 0.030748568 0 56 26 142
goalpost 0.030586144 164 0 265 165
goalpost 0.030255623 577 0 611 108
goalpost 0.029043783 614 0 640 120
goalpost 0.028914629 517 116 640 357
goalpost 0.028751893 366 102 431 255
goalpost 0.02838797 542 404 575 480
goalpost 0.02828997 318 4 363 32
goalpost 0.02824059 79 0 187 216
goalpost 0.027207397 446 14 487 121
