goalpost 0.58029 98 0 178 311
goalpost 0.20397837 97 0 205 398
goalpost 0.123618506 92 0 154 352
goalpost 0.05487585 232 6 486 361
goalpost 0.0528868 628 0 640 65
goalpost 0.049982157 299 0 596 353
goalpost 0.047225654 109 39 219 337
goalpost 0.040186744 120 0 197 301
goalpost 0.036046702 70 4 234 433
goalpost 0.03450858 346 0 556 311
goalpost 0.03266932 86 0 143 280
goalpost 0.029361412 147 81 259 366
goalpost 0.028350193 60 19 185 324
goalpost 0.027972383 318 226 337 377
goalpost 0.026900632 29 0 184 480
goalpost 0.026870754 627 0 640 41
goalpost 0.02667643 619 0 640 28
goalpost 0.025807513 0 357 91 480
goalpost 0.0255029 226 0 487 268
goalpost 0.025443584 89 0 151 246
goalpost 0.024834538 624 143 640 291
goalpost 0.024609512 1 5 14 140
goalpost 0.024431773 607 0 628 23
goalpost 0.024371665 1 0 14 92
goalpost 0.023095379 0 0 21 31
goalpost 0.023030536 456 0 640 343
goalpost 0.02280578 111 0 169 261
goalpost 0.021846788 308 0 602 261
goalpost 0.02138018 314 191 341 395
goalpost 0.021337882 0 357 62 480
goalpost 0.021314912 105 0 221 480
goalpost 0.020683678 108 0 347 362
goalpost 0.02062577 0 307 98 480
goalpost 0.020474086 625 178 640 333
goalpost 0.020211833 625 0 640 130
goalpost 0.019876102 385 0 640 356
goalpost 0.019682448 100 0 210 212
goalpost 0.019228974 312 23 344 93
goalpost 0.0190103 0 58 16 152
goalpost 0.01897816 619 1 640 41
goalpost 0.018666523 215 0 364 85
goalpost 0.018617442 625 247 640 385
goalpost 0.018585399 0 49 14 176
goalpost 0.018304322 360 130 441 459
goalpost 0.018251775 88 0 119 208
goalpost 0.018194301 625 114 640 242
goalpost 0.017894711 79 16 127 156
goalpost 0.0178864 0 24 17 122
goalpost 0.01770121 1 276 14 408
goalpost 0.01753917 370 72 430 480
goalpost 0.017438684 282 0 425 72
goalpost 0.017400064 0 287 17 380
goalpost 0.01707972 233 0 640 480
goalpost 0.016874537 89 0 349 271
goalpost 0.01652655 180 113 288 390
goalpost 0.016291585 125 18 264 317
goalpost 0.016035324 325 18 359 94
goalpost 0.015963009 69 0 111 165
goalpost 0.015958963 588 0 613 21
goalpost 0.015729379 341 0 548 448
goalpost 0.015641036 50 301 109 480
goalpost 0.015556692 0 0 20 45
goalpost 0.015442413 182 72 263 480
goalpost 0.015420092 49 18 144 285
goalpost 0.015344911 0 346 79 480
goalpost 0.015252382 619 107 640 325
goalpost 0.015178574 315 234 340 346
goalpost 0.015140815 0 0 17 41
goalpost 0.015044444 618 417 640 453
goalpost 0.014934236 0 10 16 87
goalpost 0.014888987 7 0 35 27
goalpost 0.014863097 0 393 54 480
goalpost 0.014639753 3 419 47 479
goalpost 0.014594315 248 0 280 25
goalpost 0.014586712 603 418 632 452
goalpost 0.014562619 603 427 631 464
goalpost 0.014209482 145 0 287 129
goalpost 0.01418075 617 425 640 465
goalpost 0.0141705405 0 245 15 379
goalpost 0.014167537 91 0 133 200
goalpost 0.014161651 607 5 633 32
goalpost 0.013925204 378 141 421 464
goalpost 0.013909749 22 0 54 26
goalpost 0.013887306 625 33 640 165
goalpost 0.013838356 363 0 526 480
goalpost 0.013800912 0 84 194 480
goalpost 0.013788497 619 11 640 73
goalpost 0.013783952 0 81 17 172
goalpost 0.013735291 521 0 553 20
goalpost 0.013711592 166 407 200 480
goalpost 0.013658385 618 404 640 444
goalpost 0.013629537 333 237 498 476
goalpost 0.013588387 454 397 489 480
goalpost 0.0135873705 264 0 295 24
goalpost 0.013578555 625 78 640 194
goalpost 0.013524411 0 0 55 56
goalpost 0.0135136135 121 11 293 466
goalpost 0.013464006 400 66 459 480
goalpost 0.0134351095 98 0 570 480
goalpost 0.013399587 624 309 640 442
