goalpost 0.35400975 613 266 640 357
goalpost 0.15557988 614 173 640 385
goalpost 0.1261529 619 241 640 376
goalpost 0.09000868 605 289 638 353
goalpost 0.079546876 623 304 638 369
goalpost 0.077020995 623 318 639 407
goalpost 0.063462496 622 285 638 354
goalpost 0.059039187 612 83 639 371
goalpost 0.055959217 603 186 639 374
goalpost 0.055269133 12 1 36 22
goalpost 0.051920366 87 0 237 90
goalpost 0.051901285 0 0 24 26
goalpost 0.051502936 608 223 640 360
goalpost 0.05147329 617 73 640 311
goalpost 0.0509761 12 5 32 28
goalpost 0.05054162 624 325 639 449
goalpost 0.04257241 0 0 20 34
goalpost 0.042327724 611 146 640 349
goalpost 0.038475543 46 0 178 97
goalpost 0.038308743 618 271 640 453
goalpost 0.035267487 609 22 640 296
goalpost 0.03434572 0 5 19 45
goalpost 0.033859592 627 79 640 194
goalpost 0.032216024 597 328 640 480
goalpost 0.03216474 11 9 36 34
goalpost 0.032122113 134 0 293 88
goalpost 0.02989792 604 76 634 335
goalpost 0.02952185 10 14 37 46
goalpost 0.028108044 121 0 149 8
goalpost 0.028023226 108 0 135 6
goalpost 0.027610749 24 0 50 17
goalpost 0.025952378 80 5 236 135
goalpost 0.025670111 463 419 513 480
goalpost 0.024373911 627 0 640 61
goalpost 0.024218082 0 55 16 213
goalpost 0.024112744 623 357 640 480
goalpost 0.02380667 622 91 640 280
goalpost 0.023787865 598 419 640 471
goalpost 0.023393659 628 64 640 148
goalpost 0.02268325 538 386 564 480
goalpost 0.02252257 151 247 200 461
goalpost 0.022029907 560 353 633 480
goalpost 0.021947477 248 0 280 26
goalpost 0.021718835 600 134 640 315
goalpost 0.02153932 0 235 14 386
goalpost 0.021286989 127 0 143 35
goalpost 0.021130512 108 0 206 96
goalpost 0.020996744 30 0 47 39
goalpost 0.02093377 2 199 13 292
goalpost 0.020878626 456 415 519 480
goalpost 0.020736136 0 242 13 309
goalpost 0.020364208 605 279 640 480
goalpost 0.020140963 250 197 277 429
goalpost 0.020110456 471 333 503 406
goalpost 0.019958941 599 252 640 364
goalpost 0.019946987 74 0 150 38
goalpost 0.019901853 147 109 202 480
goalpost 0.01976884 620 135 640 346
goalpost 0.019684127 2 226 13 349
goalpost 0.0195946 478 418 526 480
goalpost 0.019459713 43 0 119 40
goalpost 0.01942075 36 4 176 144
goalpost 0.01939462 105 0 182 40
goalpost 0.019363783 135 0 164 11
goalpost 0.019298645 0 70 19 182
goalpost 0.01929479 598 0 640 384
goalpost 0.018959083 14 5 31 43
goalpost 0.018522069 13 0 87 42
goalpost 0.018474694 249 4 281 53
goalpost 0.018466616 2 167 13 265
goalpost 0.018453293 450 423 498 478
goalpost 0.018453108 627 37 639 126
goalpost 0.0184114 627 0 640 41
goalpost 0.018407019 92 0 119 5
goalpost 0.01839169 111 0 128 34
goalpost 0.018320506 114 206 200 412
goalpost 0.018183643 167 0 267 90
goalpost 0.018143917 0 245 15 332
goalpost 0.01807494 612 88 640 265
goalpost 0.01801166 0 183 15 252
goalpost 0.017959809 156 162 194 441
goalpost 0.017887082 621 407 640 480
goalpost 0.017859349 40 202 71 429
goalpost 0.017841315 617 306 640 480
goalpost 0.017810887 235 0 266 25
goalpost 0.017561179 620 0 640 28
goalpost 0.017399836 534 417 568 480
goalpost 0.017345566 468 405 535 480
goalpost 0.017255032 535 310 582 480
goalpost 0.017253188 93 0 339 169
goalpost 0.017229006 59 209 98 480
goalpost 0.017004827 608 220 640 468
goalpost 0.016932914 0 221 14 290
goalpost 0.01683976 202 0 232 19
goalpost 0.016797788 0 0 116 105
goalpost 0.01672367 9 24 38 56
goalpost 0.016663697 602 294 636 445
goalpost 0.016663237 583 354 640 480
goalpost 0.016572228 187 0 216 15
goalpost 0.016571049 202 0 280 47
