goalpost 0.9667649 491 0 603 285
goalpost 0.07381007 500 0 640 284
goalpost 0.063671745 480 14 623 358
goalpost 0.06132276 0 103 22 328
goalpost 0.056088727 0 128 17 291
goalpost 0.05450328 507 0 615 232
goalpost 0.050682098 2 15 12 69
goalpost 0.04870648 472 23 583 258
goalpost 0.04585908 2 108 27 357
goalpost 0.04454074 0 339 49 480
goalpost 0.040170394 0 0 18 22
goalpost 0.038114853 519 0 637 447
goalpost 0.037533358 483 0 617 480
goalpost 0.037355788 527 28 640 480
goalpost 0.03673247 2 17 12 104
goalpost 0.034341544 0 31 11 90
goalpost 0.03271093 393 0 610 246
goalpost 0.032434177 628 0 640 60
goalpost 0.031672508 0 147 29 324
goalpost 0.03120227 0 1 14 29
goalpost 0.030803984 0 142 20 255
goalpost 0.028904429 382 422 436 474
goalpost 0.028342236 0 173 34 366
goalpost 0.027765011 0 396 50 480
goalpost 0.027653929 1 352 84 480
goalpost 0.026775694 0 161 23 273
goalpost 0.026733192 396 423 449 473
goalpost 0.02638273 374 412 446 480
goalpost 0.025677124 0 118 32 280
goalpost 0.025602294 2 62 29 280
goalpost 0.024779856 620 0 640 28
goalpost 0.024647793 0 31 15 107
goalpost 0.0242903 0 19 12 59
goalpost 0.024281949 3 10 13 52
goalpost 0.024102312 596 338 640 480
goalpost 0.023988977 15 1 32 15
goalpost 0.023780217 468 2 640 452
goalpost 0.023515573 530 0 593 264
goalpost 0.023428867 605 0 634 20
goalpost 0.022679847 2 413 44 480
goalpost 0.022444604 34 5 46 40
goalpost 0.02241775 506 43 590 448
goalpost 0.022292929 81 0 95 41
goalpost 0.022232616 626 0 640 41
goalpost 0.021872187 0 12 12 43
goalpost 0.021540776 29 0 51 12
goalpost 0.021525549 0 24 13 80
goalpost 0.021292167 580 354 640 480
goalpost 0.021118812 3 0 14 42
goalpost 0.021093601 122 0 152 23
goalpost 0.021034136 446 428 497 470
goalpost 0.020685809 0 259 36 480
goalpost 0.02059745 49 0 63 36
goalpost 0.020487148 599 423 640 467
goalpost 0.02036664 566 58 640 480
goalpost 0.020272024 77 0 100 10
goalpost 0.020181207 0 279 43 479
goalpost 0.020061579 501 0 567 274
goalpost 0.02005139 0 9 17 35
goalpost 0.019891048 359 414 431 480
goalpost 0.019861067 0 119 17 222
goalpost 0.01979775 0 109 40 222
goalpost 0.019540034 531 0 633 225
goalpost 0.019421015 61 0 84 7
goalpost 0.019192182 96 0 111 46
goalpost 0.018801853 0 373 17 480
goalpost 0.018773641 0 322 62 480
goalpost 0.01865086 309 404 382 480
goalpost 0.01861155 0 63 35 227
goalpost 0.018507823 0 42 18 94
goalpost 0.01849932 0 327 99 480
goalpost 0.018460702 620 0 640 38
goalpost 0.018382208 0 199 26 300
goalpost 0.018269606 559 30 636 357
goalpost 0.01826284 624 318 640 462
goalpost 0.018225411 495 95 576 305
goalpost 0.018196698 260 406 335 480
goalpost 0.018157795 0 17 17 50
goalpost 0.018043587 461 426 513 475
goalpost 0.017545326 0 224 39 398
goalpost 0.017517794 430 428 480 468
goalpost 0.017472044 604 300 640 480
goalpost 0.017440017 0 416 30 480
goalpost 0.017420383 22 0 175 118
goalpost 0.017323473 552 355 635 480
goalpost 0.017213074 342 407 416 480
goalpost 0.01717765 510 0 640 480
goalpost 0.017076775 301 196 430 406
goalpost 0.017072095 413 426 464 469
goalpost 0.017025819 30 0 46 9
goalpost 0.016981632 16 0 82 46
goalpost 0.016912613 14 3 28 18
goalpost 0.016871477 403 414 474 480
goalpost 0.016860574 286 108 305 189
goalpost 0.01663874 0 200 46 340
goalpost 0.016627839 46 0 115 41
goalpost 0.016585942 278 411 349 480
goalpost 0.016555963 0 0 116 126
goalpost 0.016224595 0 135 19 215
goalpost 0.016208619 326 411 398 480
