goalpost 0.3007869 269 0 325 268
goalpost 0.26634485 306 24 359 231
goalpost 0.25399536 0 89 36 317
goalpost 0.24764195 0 31 69 316
goalpost 0.24380389 257 0 367 257
goalpost 0.20615628 223 0 317 274
goalpost 0.18803312 349 43 383 189
goalpost 0.1695072 199 3 223 87
goalpost 0.1666268 31 49 60 154
goalpost 0.14215067 396 0 416 31
goalpost 0.12520064 0 53 27 211
goalpost 0.12371535 227 0 253 34
goalpost 0.11973909 394 57 410 100
goalpost 0.110536285 30 0 70 36
goalpost 0.10504875 388 62 409 133
goalpost 0.10292193 253 27 309 254
goalpost 0.10176753 262 5 298 129
goalpost 0.099070124 264 0 291 38
goalpost 0.0978894 194 0 343 189
goalpost 0.09300123 210 0 281 256
goalpost 0.09177445 62 59 88 128
goalpost 0.0896813 483 2 511 104
goalpost 0.08921301 383 72 410 204
goalpost 0.08697675 446 3 465 26
goalpost 0.085345805 4 3 31 45
goalpost 0.08534463 392 4 411 85
goalpost 0.08466605 19 56 77 263
goalpost 0.08353363 16 136 62 286
goalpost 0.083463475 424 3 443 25
goalpost 0.08199139 318 5 349 40
goalpost 0.08189183 283 2 317 42
goalpost 0.08016536 238 0 417 175
goalpost 0.07704914 354 0 385 107
goalpost 0.0768601 26 0 130 208
goalpost 0.074716195 228 0 258 73
goalpost 0.07452407 610 0 638 107
goalpost 0.07185327 356 0 381 36
goalpost 0.070722915 309 0 443 178
goalpost 0.06950689 34 39 65 72
goalpost 0.067263074 5 169 26 342
goalpost 0.06722095 350 0 422 211
goalpost 0.06623731 175 8 201 84
goalpost 0.06513599 62 40 92 62
goalpost 0.063600056 357 49 380 128
goalpost 0.06348774 0 0 86 205
goalpost 0.06309406 537 1 592 95
goalpost 0.0621614 335 8 400 317
goalpost 0.06054364 612 452 636 480
goalpost 0.06022675 274 0 330 122
goalpost 0.058988184 455 8 480 90
goalpost 0.05842256 190 51 222 239
goalpost 0.057015598 310 0 360 118
goalpost 0.055570632 200 1 228 39
goalpost 0.05546632 52 62 102 242
goalpost 0.054978095 423 14 443 85
goalpost 0.053505678 615 4 640 70
goalpost 0.051559716 176 0 258 214
goalpost 0.051395584 480 11 504 138
goalpost 0.051206075 149 173 170 251
goalpost 0.051153418 164 3 193 30
goalpost 0.049447138 56 2 103 36
goalpost 0.04716036 0 55 115 272
goalpost 0.047044046 59 139 97 282
goalpost 0.045289267 425 139 446 215
goalpost 0.044977184 563 0 623 104
goalpost 0.043811545 0 447 20 480
goalpost 0.04259322 554 0 640 134
goalpost 0.041446254 415 73 433 145
goalpost 0.040447563 311 126 355 244
goalpost 0.040225517 1 47 27 132
goalpost 0.040128298 417 52 431 100
goalpost 0.040028907 486 6 513 60
goalpost 0.039609697 420 100 443 217
goalpost 0.038387574 37 28 117 354
goalpost 0.03821466 194 39 217 121
goalpost 0.038154934 613 279 639 335
goalpost 0.03772863 617 137 640 254
goalpost 0.036223784 543 465 568 480
goalpost 0.0358032 0 54 41 439
goalpost 0.03571867 512 462 536 480
goalpost 0.035600133 600 6 640 164
goalpost 0.035243955 95 5 125 27
goalpost 0.035031497 160 58 191 246
goalpost 0.034491725 423 5 493 204
goalpost 0.0344159 495 0 589 180
goalpost 0.034047052 351 463 378 480
goalpost 0.03377945 275 109 321 265
goalpost 0.033754595 521 0 627 177
goalpost 0.033183213 132 4 156 21
goalpost 0.032641824 83 0 172 205
goalpost 0.032333564 384 465 409 480
goalpost 0.032020696 64 0 239 124
goalpost 0.030971415 481 459 503 480
goalpost 0.030731184 576 460 602 480
goalpost 0.030336086 416 464 439 480
goalpost 0.030135676 99 35 121 65
goalpost 0.03009612 619 0 640 109
goalpost 0.02954625 450 0 534 195
goalpost 0.029352792 135 102 184 417
goalpost 0.029061062 137 22 160 80
