goalpost 0.60956085 265 0 284 94
goalpost 0.49217618 431 1 640 389
goalpost 0.40745425 374 0 408 107
goalpost 0.34288907 171 2 198 97
goalpost 0.32241556 509 5 626 291
goalpost 0.30247712 2 0 20 127
goalpost 0.27509728 0 82 13 166
goalpost 0.25878218 458 39 640 280
goalpost 0.24680531 0 36 14 143
goalpost 0.23428741 178 0 209 99
goalpost 0.23095924 378 5 404 53
goalpost 0.19679727 501 48 558 253
goalpost 0.19122934 375 32 416 127
goalpost 0.16170269 470 39 523 243
goalpost 0.15845995 0 138 11 201
goalpost 0.15089157 442 44 556 294
goalpost 0.14898847 267 5 287 62
goalpost 0.14250323 596 251 640 393
goalpost 0.1292954 70 97 85 129
goalpost 0.12910919 369 4 392 33
goalpost 0.12274161 554 49 625 269
goalpost 0.12248085 279 2 304 87
goalpost 0.11870867 375 16 493 215
goalpost 0.11869285 527 51 588 284
goalpost 0.11867666 440 68 487 213
goalpost 0.11636743 233 3 256 97
goalpost 0.112404205 169 44 192 118
goalpost 0.11112841 70 0 99 116
goalpost 0.10646035 449 0 640 189
goalpost 0.10206843 184 5 209 44
goalpost 0.10021723 607 7 640 53
goalpost 0.09893838 35 102 54 154
goalpost 0.098316066 199 0 293 178
goalpost 0.0912035 491 80 640 437
goalpost 0.09012202 127 0 218 204
goalpost 0.08844494 604 0 638 364
goalpost 0.08795765 0 3 23 70
goalpost 0.08729519 185 37 207 119
goalpost 0.08692222 547 0 640 280
goalpost 0.08583525 230 4 251 31
goalpost 0.08260116 134 0 161 106
goalpost 0.08166457 92 0 119 114
goalpost 0.077724956 282 5 301 56
goalpost 0.07610629 305 0 401 152
goalpost 0.0746994 569 0 613 22
goalpost 0.073890686 406 54 456 184
goalpost 0.07210883 351 0 438 263
goalpost 0.07159184 0 172 11 240
goalpost 0.07089902 56 0 175 147
goalpost 0.070781395 329 1 352 90
goalpost 0.07038492 541 103 640 480
goalpost 0.06902631 444 80 640 407
goalpost 0.06799086 91 0 185 212
goalpost 0.06725212 0 0 79 209
goalpost 0.06463976 138 85 154 119
goalpost 0.06396158 509 140 549 264
goalpost 0.06296283 356 0 460 153
goalpost 0.06281029 440 9 514 258
goalpost 0.062483124 95 97 114 133
goalpost 0.058489915 164 0 241 167
goalpost 0.05786693 603 6 640 142
goalpost 0.056775484 19 0 66 121
goalpost 0.056682773 517 0 544 29
goalpost 0.056584194 233 0 353 141
goalpost 0.05536694 547 0 579 22
goalpost 0.054458853 268 75 279 157
goalpost 0.05352643 270 0 344 169
goalpost 0.052886706 268 34 283 103
goalpost 0.05085762 443 27 579 185
goalpost 0.049426667 329 4 346 46
goalpost 0.049405605 565 0 640 134
goalpost 0.04668862 0 0 126 166
goalpost 0.04336767 414 0 512 151
goalpost 0.04333991 187 0 264 236
goalpost 0.042058 0 305 73 480
goalpost 0.041774314 561 3 622 96
goalpost 0.04071711 264 38 281 128
goalpost 0.039669402 505 0 588 208
goalpost 0.0385759 450 6 488 42
goalpost 0.0385041 69 106 83 149
goalpost 0.03823374 562 137 618 294
goalpost 0.037677236 400 88 480 334
goalpost 0.037045866 518 22 548 108
goalpost 0.036967862 73 42 94 123
goalpost 0.0368605 38 134 58 194
goalpost 0.035250824 376 0 629 231
goalpost 0.035096757 566 284 623 393
goalpost 0.035013545 367 14 440 179
goalpost 0.034678124 538 173 573 321
goalpost 0.033658206 451 31 482 88
goalpost 0.03361574 616 424 640 480
goalpost 0.033381585 481 1 518 36
goalpost 0.03319117 607 143 637 406
goalpost 0.03303101 0 225 69 480
goalpost 0.033001993 569 234 640 467
goalpost 0.032976776 350 461 379 480
goalpost 0.032913595 542 0 583 101
goalpost 0.03250319 358 27 408 141
goalpost 0.032264583 597 320 640 403
goalpost 0.031886663 98 101 115 170
