goalpost 0.60687125 268 0 411 388
goalpost 0.47056702 588 207 612 275
goalpost 0.3414841 283 0 379 229
goalpost 0.32052615 379 19 420 244
goalpost 0.30998603 453 0 469 27
goalpost 0.29466522 102 0 122 21
goalpost 0.25277376 254 0 351 331
goalpost 0.22075881 0 0 93 229
goalpost 0.19636975 225 70 402 452
goalpost 0.19239771 413 24 450 230
goalpost 0.15391156 548 1 575 13
goalpost 0.14740433 438 34 473 170
goalpost 0.1456808 288 5 319 49
goalpost 0.14105512 74 0 97 23
goalpost 0.13935484 187 101 313 409
goalpost 0.1383975 1 11 25 279
goalpost 0.12945135 200 0 440 206
goalpost 0.12679932 126 0 144 12
goalpost 0.12658073 134 39 279 381
goalpost 0.12493521 282 0 326 240
goalpost 0.11711274 623 3 639 25
goalpost 0.11677739 92 5 126 86
goalpost 0.11460882 225 0 301 321
goalpost 0.11431406 31 0 119 215
goalpost 0.113635056 53 19 100 232
goalpost 0.112017065 61 0 103 116
goalpost 0.11147542 338 6 388 293
goalpost 0.11074301 381 137 419 269
goalpost 0.11009087 597 206 621 272
goalpost 0.10809146 383 11 407 41
goalpost 0.10771297 492 8 509 33
goalpost 0.10571439 77 14 237 363
goalpost 0.10570151 2 92 19 271
goalpost 0.10306328 20 25 70 225
goalpost 0.102489255 270 0 293 36
goalpost 0.09718817 316 1 347 24
goalpost 0.0949378 27 7 60 41
goalpost 0.09302075 1 160 16 261
goalpost 0.09272118 0 6 38 200
goalpost 0.09062339 163 5 386 280
goalpost 0.08491592 427 3 444 40
goalpost 0.08480993 376 6 413 131
goalpost 0.08266562 518 177 553 343
goalpost 0.07888781 351 14 385 47
goalpost 0.077126235 262 0 303 189
goalpost 0.0766241 306 4 357 289
goalpost 0.07611443 518 131 537 158
goalpost 0.073667124 0 225 13 309
goalpost 0.06979253 160 0 176 11
goalpost 0.068845175 63 48 176 338
goalpost 0.06787841 1 18 32 98
goalpost 0.06526695 236 0 253 27
goalpost 0.06423803 207 0 223 13
goalpost 0.06323407 171 0 259 313
goalpost 0.061813626 28 0 166 299
goalpost 0.061246637 572 175 638 382
goalpost 0.061158333 268 0 302 104
goalpost 0.06102954 515 6 538 19
goalpost 0.060936365 575 2 599 14
goalpost 0.058735605 337 0 506 146
goalpost 0.057888057 320 74 403 397
goalpost 0.057545725 63 130 94 240
goalpost 0.0558929 0 0 122 335
goalpost 0.05522049 340 306 391 409
goalpost 0.055218965 0 193 13 279
goalpost 0.051519103 306 0 362 137
goalpost 0.051325478 421 0 444 99
goalpost 0.049776312 257 9 314 267
goalpost 0.049132712 25 50 117 352
goalpost 0.0484305 272 151 407 480
goalpost 0.046368893 284 87 330 334
goalpost 0.04371663 214 11 285 224
goalpost 0.043527678 326 0 449 228
goalpost 0.04352104 384 0 481 204
goalpost 0.042551283 229 13 256 156
goalpost 0.042539474 417 169 451 287
goalpost 0.040910915 80 25 144 240
goalpost 0.040631488 579 220 606 336
goalpost 0.040096246 381 189 419 312
goalpost 0.04001053 35 0 202 147
goalpost 0.039691187 0 342 68 480
goalpost 0.03843869 534 184 569 290
goalpost 0.038143616 485 65 516 148
goalpost 0.037783995 1 342 131 480
goalpost 0.037344977 0 0 85 172
goalpost 0.037216384 601 225 624 296
goalpost 0.037094675 542 136 564 157
goalpost 0.0369226 342 0 390 157
goalpost 0.03675951 353 154 437 469
goalpost 0.036107376 0 0 48 368
goalpost 0.035498016 617 256 637 342
goalpost 0.03474728 527 203 575 330
goalpost 0.03333164 340 181 391 372
goalpost 0.033129953 0 424 23 480
goalpost 0.03217773 422 39 447 170
goalpost 0.03146228 26 126 67 235
goalpost 0.030479789 0 262 11 347
goalpost 0.030407874 148 158 198 304
goalpost 0.030279618 512 72 541 142
goalpost 0.029024689 307 33 358 181
