goalpost 0.484593 481 0 527 337
goalpost 0.116087906 486 0 544 311
goalpost 0.06259408 2 93 11 193
goalpost 0.04852534 0 109 9 175
goalpost 0.04765684 0 105 12 180
goalpost 0.041847236 2 71 13 165
goalpost 0.03955874 468 0 534 262
goalpost 0.03456916 0 124 13 196
goalpost 0.031437356 473 44 503 327
goalpost 0.031031398 245 151 283 244
goalpost 0.028505899 533 323 579 480
goalpost 0.028320739 414 0 537 480
goalpost 0.02801285 0 94 11 155
goalpost 0.027812295 361 0 481 480
goalpost 0.027108878 595 425 640 470
goalpost 0.02474336 627 0 640 76
goalpost 0.024517443 1 0 14 87
goalpost 0.024287226 502 313 538 403
goalpost 0.024216939 1 36 14 143
goalpost 0.02329526 625 316 640 441
goalpost 0.022862649 0 153 15 219
goalpost 0.022631446 475 0 517 204
goalpost 0.022467665 496 0 553 392
goalpost 0.022235949 0 320 54 480
goalpost 0.02216416 239 135 289 257
goalpost 0.022094006 0 0 21 31
goalpost 0.022029573 0 141 13 227
goalpost 0.021965975 376 31 461 480
goalpost 0.021577125 475 20 562 296
goalpost 0.021449804 0 116 14 164
goalpost 0.021291524 0 304 85 480
goalpost 0.020411106 0 180 15 338
goalpost 0.0202178 508 320 554 480
goalpost 0.019807328 0 161 14 262
goalpost 0.019793179 627 0 640 45
goalpost 0.019743575 0 191 18 284
goalpost 0.01972578 434 50 517 480
goalpost 0.01965241 73 168 103 219
goalpost 0.019579053 596 333 640 480
goalpost 0.019364567 0 82 14 151
goalpost 0.019319989 391 327 469 480
goalpost 0.019154077 588 400 640 480
goalpost 0.019124301 438 10 524 287
goalpost 0.018820425 493 0 552 250
goalpost 0.018681789 369 311 498 480
goalpost 0.018626535 73 178 103 236
goalpost 0.018532291 278 315 313 480
goalpost 0.018466435 0 140 226 480
goalpost 0.01837294 488 0 585 301
goalpost 0.018346557 0 179 17 245
goalpost 0.018225877 625 356 640 469
goalpost 0.018036269 57 158 87 203
goalpost 0.0177703 0 417 26 465
goalpost 0.01773095 151 0 298 119
goalpost 0.017654153 473 0 502 234
goalpost 0.017593112 0 98 15 143
goalpost 0.017583735 56 166 87 221
goalpost 0.01757733 55 183 89 258
goalpost 0.017513396 89 166 118 222
goalpost 0.017493898 209 0 354 123
goalpost 0.017375998 552 360 628 480
goalpost 0.017349355 73 158 103 203
goalpost 0.017130572 626 98 640 203
goalpost 0.017051887 0 157 19 377
goalpost 0.016866155 0 3 15 69
goalpost 0.016863182 1 0 15 54
goalpost 0.016678493 486 300 523 389
goalpost 0.01666168 0 0 19 45
goalpost 0.016570792 625 288 640 399
goalpost 0.01635985 0 0 94 480
goalpost 0.01609018 69 282 104 353
goalpost 0.016061053 0 174 21 222
goalpost 0.016044453 599 427 636 480
goalpost 0.016036114 105 163 134 228
goalpost 0.015763713 568 0 600 19
goalpost 0.01574291 381 50 573 480
goalpost 0.015672164 246 146 308 247
goalpost 0.015569288 0 0 17 41
goalpost 0.01536224 501 293 538 371
goalpost 0.015262533 0 138 15 185
goalpost 0.015262218 0 50 16 128
goalpost 0.015147422 516 304 553 384
goalpost 0.015120628 0 214 18 326
goalpost 0.015080529 0 87 17 132
goalpost 0.015050014 260 347 304 480
goalpost 0.015042007 608 433 640 480
goalpost 0.015031796 58 149 88 190
goalpost 0.01495453 237 325 307 480
goalpost 0.014922169 512 0 578 216
goalpost 0.014814845 379 239 484 480
goalpost 0.014769913 0 209 133 480
goalpost 0.014762648 626 76 640 171
goalpost 0.014754018 607 415 640 461
goalpost 0.014681779 467 18 527 404
goalpost 0.014554745 260 152 296 243
goalpost 0.014543751 485 36 517 321
goalpost 0.014541707 0 10 189 480
goalpost 0.014447881 0 130 33 437
goalpost 0.014412419 494 310 543 377
goalpost 0.014399521 53 285 88 348
