goalpost 0.30319178 93 1 144 93
goalpost 0.2827267 120 0 161 103
goalpost 0.22646938 194 0 229 100
goalpost 0.22071774 0 47 35 336
goalpost 0.21895327 447 2 477 18
goalpost 0.20475137 203 0 231 31
goalpost 0.20353901 137 0 243 198
goalpost 0.19692758 214 0 252 78
goalpost 0.19649553 108 0 209 192
goalpost 0.18389976 215 0 242 26
goalpost 0.18319575 612 17 635 73
goalpost 0.17849618 0 22 81 297
goalpost 0.16775422 86 0 176 266
goalpost 0.16065973 136 0 303 312
goalpost 0.15782952 109 0 291 157
goalpost 0.15300597 51 0 117 78
goalpost 0.15173063 100 42 139 103
goalpost 0.14669727 430 3 454 13
goalpost 0.14487587 456 24 481 70
goalpost 0.13911143 282 7 325 93
goalpost 0.13448694 256 0 298 91
goalpost 0.12561302 156 0 202 104
goalpost 0.12190517 27 0 75 57
goalpost 0.12070315 0 0 68 199
goalpost 0.10876797 28 35 133 258
goalpost 0.10866585 580 10 610 69
goalpost 0.10168286 494 28 602 307
goalpost 0.10073884 190 0 299 230
goalpost 0.09807287 211 0 351 159
goalpost 0.09503197 290 4 320 34
goalpost 0.0937447 3 6 36 50
goalpost 0.09059491 167 0 316 124
goalpost 0.090022504 497 58 553 188
goalpost 0.085372016 53 0 222 148
goalpost 0.08424994 37 0 165 188
goalpost 0.0801817 0 411 28 480
goalpost 0.078362614 474 5 512 32
goalpost 0.07727128 373 22 584 251
goalpost 0.07335027 546 27 581 63
goalpost 0.0709674 610 441 635 480
goalpost 0.06700393 431 32 496 222
goalpost 0.06606175 387 1 417 13
goalpost 0.06537255 2 182 28 327
goalpost 0.06424905 281 20 338 267
goalpost 0.06419927 261 0 291 32
goalpost 0.06318418 398 0 517 206
goalpost 0.06226684 514 32 544 62
goalpost 0.062075187 475 0 619 394
goalpost 0.06049909 101 31 252 264
goalpost 0.058342293 474 28 514 69
goalpost 0.05694517 466 47 640 279
goalpost 0.054582577 444 0 548 212
goalpost 0.053709973 517 6 549 39
goalpost 0.052825604 164 0 194 29
goalpost 0.05211745 501 0 595 208
goalpost 0.051406816 0 0 79 243
goalpost 0.049376976 177 127 301 480
goalpost 0.048902348 375 31 465 222
goalpost 0.048523936 543 6 573 43
goalpost 0.048444092 251 68 401 424
goalpost 0.04686177 314 2 346 21
goalpost 0.04592544 329 71 475 437
goalpost 0.044988368 447 22 517 277
goalpost 0.044846237 465 13 522 204
goalpost 0.043985154 410 389 453 480
goalpost 0.042204037 0 0 47 332
goalpost 0.041983712 507 288 640 480
goalpost 0.040863898 350 0 384 13
goalpost 0.04053793 125 35 190 327
goalpost 0.040486727 2 17 36 113
goalpost 0.04027513 317 35 495 241
goalpost 0.040152296 222 0 341 331
goalpost 0.03826998 165 66 256 285
goalpost 0.03800961 553 308 640 480
goalpost 0.037921477 561 0 640 261
goalpost 0.037898753 308 14 405 217
goalpost 0.03774499 262 166 423 480
goalpost 0.037159253 299 19 352 244
goalpost 0.03700911 286 0 467 332
goalpost 0.03655967 291 0 446 132
goalpost 0.035774577 273 1 376 209
goalpost 0.035634685 102 368 207 480
goalpost 0.03517495 55 69 99 278
goalpost 0.035172727 549 43 633 439
goalpost 0.035002004 312 211 365 327
goalpost 0.0346002 386 379 425 480
goalpost 0.03438935 462 0 630 123
goalpost 0.034353033 525 0 632 201
goalpost 0.033072866 266 284 406 480
goalpost 0.032991588 40 52 158 368
goalpost 0.032773297 0 132 50 436
goalpost 0.032443628 565 75 640 478
goalpost 0.03236014 138 61 233 375
goalpost 0.03133399 201 299 348 480
goalpost 0.03129003 530 51 591 183
goalpost 0.031128908 0 377 65 480
goalpost 0.030506799 614 68 638 126
goalpost 0.030501952 30 400 65 480
goalpost 0.02977753 610 74 640 247
goalpost 0.029668747 4 0 100 216
