goalpost 0.9685328 433 0 611 409
goalpost 0.29352328 463 0 640 369
goalpost 0.13067615 436 73 564 428
goalpost 0.08046506 374 36 574 466
goalpost 0.054901067 473 38 640 436
goalpost 0.054611657 1 48 13 184
goalpost 0.050522085 491 0 611 349
goalpost 0.04300786 501 0 640 480
goalpost 0.042410176 485 0 631 236
goalpost 0.038079225 465 24 608 480
goalpost 0.03720328 0 226 13 300
goalpost 0.03713552 627 0 640 60
goalpost 0.03431728 619 118 640 176
goalpost 0.033686616 0 64 220 478
goalpost 0.032592706 409 98 533 372
goalpost 0.032386273 458 3 548 411
goalpost 0.03103253 0 67 15 167
goalpost 0.030103108 628 70 640 148
goalpost 0.029420026 2 200 13 305
goalpost 0.02905911 627 98 640 174
goalpost 0.028722625 0 201 14 279
goalpost 0.026830059 0 246 16 296
goalpost 0.02671925 476 0 574 384
goalpost 0.026668357 0 194 12 263
goalpost 0.026200633 604 0 634 18
goalpost 0.025301797 626 115 640 207
goalpost 0.025276776 531 0 640 197
goalpost 0.025198115 1 17 15 141
goalpost 0.025160238 46 179 176 361
goalpost 0.024848394 0 173 14 239
goalpost 0.024265934 0 217 12 286
goalpost 0.02422217 628 37 640 128
goalpost 0.024219418 0 6 161 369
goalpost 0.024033045 618 0 640 25
goalpost 0.023807796 2 167 13 270
goalpost 0.022539081 390 399 427 480
goalpost 0.022460362 619 103 640 153
goalpost 0.022311138 17 81 173 457
goalpost 0.022118082 0 0 23 25
goalpost 0.021873707 613 299 640 480
goalpost 0.02178919 418 157 548 434
goalpost 0.021313746 0 55 15 139
goalpost 0.021260446 298 30 326 272
goalpost 0.020935439 0 247 14 317
goalpost 0.020647053 0 94 14 199
goalpost 0.020229243 434 17 577 319
goalpost 0.020009926 4 0 182 480
goalpost 0.019741626 625 0 640 35
goalpost 0.01930007 405 400 442 480
goalpost 0.019278675 536 0 637 137
goalpost 0.01925265 0 166 21 215
goalpost 0.01911299 25 74 282 464
goalpost 0.019030536 0 0 145 347
goalpost 0.018565591 627 8 639 100
goalpost 0.018069815 418 0 556 480
goalpost 0.018027266 472 150 568 436
goalpost 0.01800488 77 203 206 380
goalpost 0.017952722 1 0 125 480
goalpost 0.01791128 452 0 603 282
goalpost 0.01786262 432 0 564 480
goalpost 0.017779032 360 0 640 468
goalpost 0.01776538 2 230 13 329
goalpost 0.017638417 0 95 16 176
goalpost 0.017547512 507 0 623 169
goalpost 0.017118702 619 0 640 37
goalpost 0.017078713 81 0 243 105
goalpost 0.017023258 0 0 172 283
goalpost 0.016892407 600 361 640 478
goalpost 0.016814483 1 147 14 239
goalpost 0.016729157 616 411 640 480
goalpost 0.016642537 10 0 37 20
goalpost 0.016492892 622 34 640 101
goalpost 0.016447775 0 155 22 199
goalpost 0.016324723 25 0 55 17
goalpost 0.016285136 145 0 299 101
goalpost 0.016265983 604 112 638 161
goalpost 0.016176905 508 17 640 252
goalpost 0.016129838 1 0 15 96
goalpost 0.015846806 102 374 169 477
goalpost 0.015846625 82 0 447 480
goalpost 0.015799813 0 0 141 480
goalpost 0.015689623 0 369 53 474
goalpost 0.01564766 586 0 619 17
goalpost 0.015643673 544 0 639 67
goalpost 0.015633851 616 113 640 161
goalpost 0.01553071 625 136 640 240
goalpost 0.015467714 624 353 640 480
goalpost 0.015415792 0 0 210 480
goalpost 0.015376476 210 415 253 480
goalpost 0.015316463 620 25 640 83
goalpost 0.015287817 60 204 161 338
goalpost 0.015274492 0 0 17 32
goalpost 0.015156367 439 8 511 412
goalpost 0.0151308775 0 31 17 123
goalpost 0.015057233 81 270 209 461
goalpost 0.01504224 75 210 150 372
goalpost 0.01474388 82 129 233 480
goalpost 0.014678586 518 0 609 65
goalpost 0.014659418 109 308 179 477
goalpost 0.014570381 399 0 615 345
