goalpost 0.95344174 107 21 222 343
goalpost 0.13011996 600 340 636 480
goalpost 0.079954855 92 0 198 273
goalpost 0.06858937 107 0 227 478
goalpost 0.06408519 501 0 640 375
goalpost 0.057352465 608 338 640 480
goalpost 0.057238087 90 57 286 340
goalpost 0.053112913 63 0 181 239
goalpost 0.05027763 119 46 206 411
goalpost 0.048015717 613 309 640 480
goalpost 0.046374727 537 0 639 480
goalpost 0.045428418 111 0 268 331
goalpost 0.039216615 91 0 301 260
goalpost 0.036806334 0 8 218 333
goalpost 0.03360018 600 358 640 472
goalpost 0.032367706 606 328 628 479
goalpost 0.032039706 585 0 611 34
goalpost 0.029805895 575 0 604 42
goalpost 0.028145384 0 179 16 243
goalpost 0.027288314 469 386 507 470
goalpost 0.02695677 111 0 236 259
goalpost 0.02613479 0 175 19 225
goalpost 0.025887933 404 408 442 480
goalpost 0.025643958 233 0 376 291
goalpost 0.025262386 582 0 613 43
goalpost 0.024268735 81 39 246 480
goalpost 0.024127582 610 231 640 459
goalpost 0.023629073 130 113 218 342
goalpost 0.023388464 597 375 638 464
goalpost 0.023213618 576 361 635 471
goalpost 0.023037076 405 17 586 354
goalpost 0.022560252 2 350 92 480
goalpost 0.021878542 0 306 101 480
goalpost 0.021758486 136 51 243 357
goalpost 0.021632766 2 147 14 217
goalpost 0.021586126 404 0 547 316
goalpost 0.021393562 602 281 630 474
goalpost 0.020510172 0 166 19 211
goalpost 0.020425992 481 0 640 281
goalpost 0.02006192 2 120 14 192
goalpost 0.020034239 594 317 639 453
goalpost 0.019999942 0 134 15 185
goalpost 0.019596811 0 117 14 168
goalpost 0.019566366 107 0 182 329
goalpost 0.019511899 1 170 14 265
goalpost 0.019497965 491 0 640 480
goalpost 0.019321728 0 136 18 172
goalpost 0.019295463 25 0 148 207
goalpost 0.018829646 626 166 640 273
goalpost 0.018822327 0 224 104 480
goalpost 0.018398985 83 0 127 164
goalpost 0.01839242 390 408 428 480
goalpost 0.018377095 0 147 15 196
goalpost 0.018261217 46 0 239 388
goalpost 0.01803469 602 327 632 439
goalpost 0.017742215 0 148 18 182
goalpost 0.017163802 416 0 640 358
goalpost 0.017055802 616 352 640 480
goalpost 0.017030183 153 348 180 452
goalpost 0.016891118 72 26 137 136
goalpost 0.016536908 2 85 14 177
goalpost 0.0165044 594 0 627 40
goalpost 0.016401703 400 0 563 113
goalpost 0.016360482 456 384 518 473
goalpost 0.016258918 0 196 17 261
goalpost 0.016237888 77 0 157 182
goalpost 0.016214535 103 0 183 191
goalpost 0.016139496 471 0 615 335
goalpost 0.016063644 0 0 176 335
goalpost 0.016045196 110 0 174 254
goalpost 0.015974112 213 31 397 337
goalpost 0.015939932 454 384 492 471
goalpost 0.015836151 0 352 63 480
goalpost 0.01580195 595 0 628 28
goalpost 0.015792867 393 404 454 480
goalpost 0.015743118 485 386 522 469
goalpost 0.015611182 0 322 85 480
goalpost 0.015426044 535 337 587 462
goalpost 0.015367659 0 0 335 480
goalpost 0.015326239 0 107 19 151
goalpost 0.015255785 0 194 21 244
goalpost 0.015204355 92 16 142 150
goalpost 0.015080134 605 312 640 448
goalpost 0.015072331 0 84 16 155
goalpost 0.015062877 515 0 640 480
goalpost 0.01503707 0 198 15 282
goalpost 0.014956974 0 0 26 26
goalpost 0.014920262 502 327 556 468
goalpost 0.014798854 83 62 196 343
goalpost 0.014680371 67 162 105 204
goalpost 0.014680261 23 177 57 216
goalpost 0.0146415355 625 198 640 310
goalpost 0.014585972 0 244 18 299
goalpost 0.014583496 309 395 347 480
goalpost 0.014457103 91 0 195 183
goalpost 0.014377836 607 387 640 465
goalpost 0.014153559 616 272 640 464
goalpost 0.014135671 598 367 640 480
goalpost 0.014125024 228 372 267 461
goalpost 0.014119274 573 6 600 68
