goalpost 0.78536767 133 87 337 480
goalpost 0.27122423 111 114 281 409
goalpost 0.08633726 116 0 281 367
goalpost 0.07476049 53 76 247 380
goalpost 0.06128671 598 75 640 286
goalpost 0.061236605 412 0 435 19
goalpost 0.060178682 0 1 22 29
goalpost 0.05698036 0 16 19 58
goalpost 0.05691298 626 0 640 45
goalpost 0.047815613 121 0 312 473
goalpost 0.044444572 610 19 639 268
goalpost 0.044366933 628 0 640 29
goalpost 0.043814648 0 10 22 41
goalpost 0.043445706 8 3 34 28
goalpost 0.042856235 606 2 630 15
goalpost 0.04170015 4 25 37 60
goalpost 0.04136019 401 0 425 18
goalpost 0.039612073 156 0 371 478
goalpost 0.039429173 588 0 614 12
goalpost 0.038554277 415 0 431 61
goalpost 0.03825388 571 0 598 12
goalpost 0.03742873 619 0 640 22
goalpost 0.036667816 605 101 639 357
goalpost 0.036499668 5 18 33 50
goalpost 0.034524243 590 97 639 248
goalpost 0.033904176 314 75 343 311
goalpost 0.033396382 125 35 266 480
goalpost 0.03161554 556 0 584 11
goalpost 0.030684864 156 9 305 480
goalpost 0.029667504 132 51 255 388
goalpost 0.028657965 6 13 32 40
goalpost 0.028368004 422 0 447 18
goalpost 0.028266555 15 0 83 48
goalpost 0.02743138 0 0 54 53
goalpost 0.027323315 613 0 640 152
goalpost 0.027080119 491 0 518 9
goalpost 0.026008092 200 0 368 315
goalpost 0.025880417 601 50 632 264
goalpost 0.02577327 187 204 293 480
goalpost 0.025585558 189 70 359 480
goalpost 0.025216505 0 0 349 480
goalpost 0.02490849 505 0 533 9
goalpost 0.024803245 578 116 628 253
goalpost 0.024560358 4 32 40 68
goalpost 0.024106478 140 0 303 114
goalpost 0.0235237 558 0 576 35
goalpost 0.023457551 318 109 338 288
goalpost 0.02333543 494 0 512 37
goalpost 0.023213673 307 88 365 267
goalpost 0.023029689 574 0 592 32
goalpost 0.023020582 601 38 640 234
goalpost 0.022962788 86 0 244 123
goalpost 0.02227625 0 29 26 70
goalpost 0.021883093 587 73 640 365
goalpost 0.021681432 118 399 154 480
goalpost 0.021611229 20 0 52 25
goalpost 0.021424321 0 11 16 65
goalpost 0.021323116 140 191 279 425
goalpost 0.021251692 70 158 308 480
goalpost 0.021235531 510 0 528 37
goalpost 0.02115511 129 17 317 313
goalpost 0.02109893 476 0 503 10
goalpost 0.020912383 12 6 85 73
goalpost 0.020843778 597 29 640 426
goalpost 0.020660538 318 36 355 322
goalpost 0.02065151 84 0 122 23
goalpost 0.020417174 206 0 365 107
goalpost 0.020259295 298 0 325 214
goalpost 0.020138104 609 5 625 40
goalpost 0.020100396 2 0 15 51
goalpost 0.019807592 0 0 54 74
goalpost 0.019715568 538 0 567 10
goalpost 0.019422848 1 241 15 363
goalpost 0.01940131 479 0 496 45
goalpost 0.019393895 44 38 178 225
goalpost 0.019363267 585 103 618 292
goalpost 0.019247307 520 0 549 10
goalpost 0.01915054 98 0 339 258
goalpost 0.019042656 302 21 321 181
goalpost 0.018943205 416 151 433 290
goalpost 0.018921657 458 0 485 13
goalpost 0.018874094 625 0 640 67
goalpost 0.018752882 439 0 466 16
goalpost 0.01867879 599 23 636 75
goalpost 0.017889543 75 62 210 249
goalpost 0.017728666 69 0 108 22
goalpost 0.017634127 597 137 640 335
goalpost 0.017604725 140 138 276 350
goalpost 0.017469278 493 0 513 4
goalpost 0.017459098 39 0 116 49
goalpost 0.017361635 542 0 560 44
goalpost 0.017231163 466 0 533 33
goalpost 0.01721264 130 0 307 202
goalpost 0.017195458 496 0 563 31
goalpost 0.017103842 273 0 426 106
goalpost 0.016964957 179 104 275 480
goalpost 0.016912019 425 0 444 16
goalpost 0.016671065 382 0 409 19
goalpost 0.016636753 0 126 23 177
goalpost 0.016491996 0 280 16 364
