goalpost 0.63279855 260 1 291 116
goalpost 0.49429905 427 2 444 43
goalpost 0.2066721 1 301 16 358
goalpost 0.19974178 361 2 383 33
goalpost 0.1913585 265 5 291 70
goalpost 0.18390909 6 282 20 326
goalpost 0.177016 0 316 15 387
goalpost 0.16586815 348 32 386 180
goalpost 0.14755285 386 2 406 30
goalpost 0.1425727 330 1 349 29
goalpost 0.13763523 1 0 29 122
goalpost 0.13610138 293 135 312 235
goalpost 0.13377635 320 63 361 221
goalpost 0.13178946 0 62 16 130
goalpost 0.12765178 95 314 113 352
goalpost 0.123883784 187 7 210 41
goalpost 0.11000531 327 4 354 107
goalpost 0.10663057 100 1 141 105
goalpost 0.10183682 32 304 54 363
goalpost 0.10050944 356 0 386 86
goalpost 0.094841726 169 242 183 290
goalpost 0.09150634 3 261 16 297
goalpost 0.09074399 240 0 401 153
goalpost 0.08993867 189 1 221 113
goalpost 0.086989515 271 0 306 104
goalpost 0.08601 75 315 94 356
goalpost 0.0854385 235 0 330 248
goalpost 0.084421225 32 286 50 327
goalpost 0.08295881 445 5 461 41
goalpost 0.07978073 375 42 404 163
goalpost 0.07936364 362 0 455 211
goalpost 0.07802608 286 109 321 208
goalpost 0.077517845 168 5 246 222
goalpost 0.07673077 222 0 301 186
goalpost 0.07623013 280 3 303 41
goalpost 0.07531312 69 329 89 385
goalpost 0.074801125 130 242 145 291
goalpost 0.07473815 33 317 60 387
goalpost 0.07149897 217 0 285 289
goalpost 0.069007255 291 182 317 291
goalpost 0.064555906 358 348 370 376
goalpost 0.06441387 305 0 398 214
goalpost 0.0637169 176 4 196 32
goalpost 0.06253135 100 288 116 326
goalpost 0.05981616 352 111 386 216
goalpost 0.056418903 336 0 407 179
goalpost 0.054155454 560 211 614 333
goalpost 0.05195165 0 104 15 170
goalpost 0.051343653 0 353 14 423
goalpost 0.050944176 130 305 147 356
goalpost 0.050654806 75 281 93 314
goalpost 0.049103342 0 0 75 197
goalpost 0.048680726 130 281 145 314
goalpost 0.048068095 74 258 93 292
goalpost 0.047575783 575 185 610 247
goalpost 0.04744255 0 7 23 70
goalpost 0.047395047 360 333 374 358
goalpost 0.04699188 0 0 128 162
goalpost 0.0453283 99 334 119 387
goalpost 0.045101993 0 220 11 259
goalpost 0.044077963 269 3 332 237
goalpost 0.043878123 614 0 638 57
goalpost 0.043292843 146 0 221 198
goalpost 0.042477183 0 139 16 215
goalpost 0.041467134 296 0 435 119
goalpost 0.040598635 61 0 181 141
goalpost 0.04026191 266 136 286 226
goalpost 0.038888745 101 0 223 135
goalpost 0.037520543 540 0 591 49
goalpost 0.037412792 35 265 54 301
goalpost 0.03701628 171 278 186 304
goalpost 0.03699804 107 253 126 290
goalpost 0.03698801 167 304 186 358
goalpost 0.036746472 266 80 353 324
goalpost 0.0364732 16 0 66 114
goalpost 0.036451053 232 4 271 119
goalpost 0.036288384 258 216 291 293
goalpost 0.03581153 171 0 203 113
goalpost 0.035789672 612 432 634 480
goalpost 0.035542022 144 0 261 150
goalpost 0.035540238 219 0 330 126
goalpost 0.034887437 192 252 208 300
goalpost 0.03449488 235 240 256 298
goalpost 0.034142084 350 210 380 299
goalpost 0.03341227 446 22 461 47
goalpost 0.03333055 0 433 22 480
goalpost 0.03321823 319 130 347 222
goalpost 0.033011768 198 299 219 364
goalpost 0.03210478 103 9 134 49
goalpost 0.031983364 571 0 640 109
goalpost 0.031957258 200 30 264 283
goalpost 0.03179091 232 12 262 42
goalpost 0.031524207 104 234 129 265
goalpost 0.031432666 564 0 612 51
goalpost 0.030888941 62 1 104 118
goalpost 0.030720375 321 186 354 286
goalpost 0.030681962 425 0 502 168
goalpost 0.030676095 382 0 413 75
goalpost 0.03031552 232 281 252 317
goalpost 0.028568432 611 190 630 245
