goalpost 0.31695396 269 0 289 41
goalpost 0.27363756 351 34 369 86
goalpost 0.24956577 118 8 194 328
goalpost 0.24373357 267 0 288 85
goalpost 0.23748083 504 75 640 480
goalpost 0.23290043 599 97 636 381
goalpost 0.2238222 145 0 251 231
goalpost 0.21552695 335 30 352 97
goalpost 0.19891909 604 91 634 259
goalpost 0.17757124 351 36 374 117
goalpost 0.15858181 333 42 354 153
goalpost 0.15761779 104 0 136 116
goalpost 0.15698929 108 43 132 130
goalpost 0.15157802 124 42 155 153
goalpost 0.14930834 188 0 266 356
goalpost 0.14240377 549 87 567 157
goalpost 0.12116541 151 20 192 183
goalpost 0.12042818 284 0 364 369
goalpost 0.11620406 615 8 637 32
goalpost 0.11344957 348 15 378 169
goalpost 0.10890083 54 260 99 421
goalpost 0.10646006 418 196 632 480
goalpost 0.10585272 562 22 640 480
goalpost 0.1052499 243 0 328 365
goalpost 0.10441092 182 18 225 219
goalpost 0.10383001 88 3 229 358
goalpost 0.10261199 275 6 296 38
goalpost 0.10224529 92 54 158 325
goalpost 0.10048517 234 0 256 23
goalpost 0.0987511 435 10 449 26
goalpost 0.097518355 129 0 219 205
goalpost 0.095821545 217 8 267 246
goalpost 0.09522836 252 2 284 176
goalpost 0.09300725 224 0 305 229
goalpost 0.090003915 554 45 635 381
goalpost 0.08828666 464 217 640 480
goalpost 0.08670745 580 81 613 201
goalpost 0.08606498 176 2 235 302
goalpost 0.082968116 168 0 315 199
goalpost 0.08246905 280 141 416 429
goalpost 0.08015132 323 31 354 210
goalpost 0.07870381 125 0 158 118
goalpost 0.0784853 326 0 387 281
goalpost 0.077040546 286 13 307 76
goalpost 0.073231146 391 39 405 80
goalpost 0.071938366 428 40 441 63
goalpost 0.07065991 226 0 261 171
goalpost 0.0696556 450 6 464 22
goalpost 0.06953335 0 262 22 337
goalpost 0.06942661 23 1 69 100
goalpost 0.06776273 74 84 95 130
goalpost 0.063860565 0 191 67 480
goalpost 0.06292274 603 200 640 480
goalpost 0.06217815 102 138 192 446
goalpost 0.06166538 245 8 292 269
goalpost 0.061317395 318 193 449 480
goalpost 0.058072686 34 257 81 419
goalpost 0.057975665 522 80 541 139
goalpost 0.056956254 418 56 436 101
goalpost 0.056058496 131 77 219 424
goalpost 0.05562698 381 437 411 480
goalpost 0.05475053 55 262 169 471
goalpost 0.054468874 190 16 220 56
goalpost 0.054146077 405 339 597 480
goalpost 0.05379172 520 283 640 480
goalpost 0.053724106 157 5 194 119
goalpost 0.05189008 610 446 635 480
goalpost 0.051558796 69 66 91 116
goalpost 0.05152523 589 80 640 428
goalpost 0.051458076 185 10 225 120
goalpost 0.051349778 19 278 112 480
goalpost 0.051036526 261 15 282 133
goalpost 0.05000981 529 99 588 277
goalpost 0.049971934 578 0 599 30
goalpost 0.04992418 385 37 406 109
goalpost 0.04944352 204 0 290 173
goalpost 0.049380273 204 117 320 439
goalpost 0.047564037 277 4 336 296
goalpost 0.04732552 326 21 348 59
goalpost 0.047223136 161 11 193 53
goalpost 0.04607912 342 293 554 480
goalpost 0.045788176 282 25 323 196
goalpost 0.045114234 575 78 624 257
goalpost 0.04500222 232 0 260 91
goalpost 0.04466809 375 32 419 210
goalpost 0.043770954 72 206 213 412
goalpost 0.043169327 0 207 111 427
goalpost 0.04281299 334 354 499 480
goalpost 0.042754788 97 55 145 223
goalpost 0.04267793 1 0 32 106
goalpost 0.04263874 284 0 458 365
goalpost 0.042619836 514 442 540 480
goalpost 0.042349234 221 22 393 254
goalpost 0.041773442 341 5 439 193
goalpost 0.04145242 604 358 638 480
goalpost 0.040152676 135 55 283 274
goalpost 0.038761824 446 352 478 480
goalpost 0.03863881 566 111 626 325
goalpost 0.038165573 547 0 570 29
goalpost 0.03796333 78 0 170 175
