goalpost 0.54849863 551 13 623 240
goalpost 0.38845885 274 18 319 199
goalpost 0.3227094 0 158 20 245
goalpost 0.2841107 438 5 469 105
goalpost 0.27489275 384 2 409 83
goalpost 0.26413485 6 1 37 141
goalpost 0.24199778 60 182 84 284
goalpost 0.22806641 554 111 622 230
goalpost 0.22500776 498 0 640 224
goalpost 0.21465938 278 2 316 119
goalpost 0.21041708 498 2 583 241
goalpost 0.19606891 257 16 304 168
goalpost 0.1924328 585 19 640 237
goalpost 0.1808606 143 1 160 30
goalpost 0.18028703 0 0 82 215
goalpost 0.17021911 0 53 21 253
goalpost 0.16782588 18 0 63 104
goalpost 0.16252686 71 0 95 42
goalpost 0.1444409 96 1 116 30
goalpost 0.1394689 68 1 94 87
goalpost 0.13306284 443 4 468 52
goalpost 0.12574375 604 15 639 56
goalpost 0.12566704 573 0 640 249
goalpost 0.12509027 28 2 55 38
goalpost 0.12424408 362 0 388 94
goalpost 0.12292913 281 109 318 214
goalpost 0.120274186 538 114 600 241
goalpost 0.1178605 6 7 34 78
goalpost 0.11778263 482 25 616 318
goalpost 0.11379427 431 5 457 43
goalpost 0.10760676 554 0 640 311
goalpost 0.104073785 458 0 566 310
goalpost 0.099316634 20 0 119 156
goalpost 0.09729843 154 169 201 297
goalpost 0.09653848 233 6 335 201
goalpost 0.096014224 441 2 486 154
goalpost 0.094285086 536 6 598 166
goalpost 0.09314992 597 9 638 167
goalpost 0.09298939 385 5 405 49
goalpost 0.09234313 323 0 400 180
goalpost 0.0923375 286 0 391 147
goalpost 0.08688313 310 2 345 102
goalpost 0.082932405 375 0 499 147
goalpost 0.082830116 263 0 359 178
goalpost 0.08125726 477 9 545 188
goalpost 0.08054591 438 0 562 154
goalpost 0.07949094 316 4 339 30
goalpost 0.07879951 503 106 640 411
goalpost 0.07800711 411 0 485 239
goalpost 0.07482429 135 187 165 345
goalpost 0.07449795 513 13 561 160
goalpost 0.071560465 162 187 193 344
goalpost 0.07128107 286 7 316 41
goalpost 0.068295486 365 11 384 50
goalpost 0.065376505 468 0 516 170
goalpost 0.054162543 262 5 298 40
goalpost 0.05415828 536 70 640 280
goalpost 0.053001337 431 0 516 252
goalpost 0.05257665 225 0 260 121
goalpost 0.049651615 67 0 150 216
goalpost 0.049031258 108 109 178 381
goalpost 0.047877192 358 0 451 224
goalpost 0.047009323 319 0 444 122
goalpost 0.046123233 573 5 618 39
goalpost 0.04516424 42 0 174 128
goalpost 0.044670098 522 1 549 44
goalpost 0.044374935 70 130 157 342
goalpost 0.04389665 613 448 636 480
goalpost 0.042747498 166 246 192 361
goalpost 0.042113043 0 0 49 262
goalpost 0.041684885 583 131 640 477
goalpost 0.041278657 115 0 194 159
goalpost 0.041264035 385 0 465 190
goalpost 0.040813673 541 5 578 48
goalpost 0.039319355 154 0 172 26
goalpost 0.03797834 56 109 124 395
goalpost 0.037729513 570 79 640 312
goalpost 0.03733148 415 11 471 143
goalpost 0.036088042 0 440 24 480
goalpost 0.035496686 618 0 640 146
goalpost 0.035178225 213 0 318 344
goalpost 0.035011485 0 193 21 336
goalpost 0.03375397 0 65 29 405
goalpost 0.033262786 0 124 68 412
goalpost 0.03262412 492 0 600 118
goalpost 0.031701636 285 0 381 269
goalpost 0.029656393 0 394 69 480
goalpost 0.029389352 175 206 215 314
goalpost 0.02895916 17 173 101 382
goalpost 0.02821288 604 0 640 129
goalpost 0.027477274 199 0 225 108
goalpost 0.027248934 516 0 640 145
goalpost 0.026948882 91 167 199 345
goalpost 0.026759923 27 90 98 475
goalpost 0.025973491 37 180 80 312
goalpost 0.025312748 89 108 161 454
goalpost 0.025281638 226 57 333 287
goalpost 0.025166417 226 3 257 36
goalpost 0.025123904 63 24 92 177
goalpost 0.0240669 69 157 87 259
