goalpost 0.2774884 99 0 119 16
goalpost 0.15182444 208 0 223 23
goalpost 0.10833482 98 0 113 18
goalpost 0.10232505 469 251 506 333
goalpost 0.09233108 202 0 218 21
goalpost 0.08569878 568 18 596 64
goalpost 0.07433908 555 19 584 60
goalpost 0.066501014 110 0 124 22
goalpost 0.065421626 89 0 109 11
goalpost 0.06523086 74 334 96 410
goalpost 0.06302837 208 0 222 42
goalpost 0.056745924 470 230 505 315
goalpost 0.056209803 73 318 100 400
goalpost 0.053123962 216 0 231 21
goalpost 0.050981916 625 376 639 475
goalpost 0.050417036 0 0 19 22
goalpost 0.042620175 71 299 105 388
goalpost 0.042504318 567 30 598 77
goalpost 0.040565014 468 276 507 349
goalpost 0.04003035 487 324 521 388
goalpost 0.038605485 540 341 567 381
goalpost 0.03811403 628 43 640 115
goalpost 0.03808978 555 32 585 76
goalpost 0.03774066 595 331 640 480
goalpost 0.036995865 197 0 213 26
goalpost 0.036630854 447 430 498 470
goalpost 0.036575187 538 324 569 372
goalpost 0.036453906 0 0 15 28
goalpost 0.03587182 606 415 634 461
goalpost 0.03501406 80 324 95 429
goalpost 0.033720035 84 0 104 16
goalpost 0.033598963 463 430 512 474
goalpost 0.032693576 584 16 611 68
goalpost 0.03141334 210 0 222 29
goalpost 0.03134161 570 4 592 31
goalpost 0.030851506 552 322 581 370
goalpost 0.030411018 440 407 511 480
goalpost 0.029797854 97 0 111 47
goalpost 0.029669138 628 68 640 151
goalpost 0.029113345 624 341 640 457
goalpost 0.029079704 557 2 579 28
goalpost 0.028194336 541 16 569 60
goalpost 0.027996462 540 353 564 394
goalpost 0.027965222 433 429 483 469
goalpost 0.027850827 552 304 584 360
goalpost 0.02757514 618 407 638 468
goalpost 0.02755096 458 237 514 326
goalpost 0.027234852 552 26 589 68
goalpost 0.026740663 470 305 507 375
goalpost 0.026609307 553 338 578 381
goalpost 0.026269123 2 3 12 67
goalpost 0.02619019 503 328 536 383
goalpost 0.026144661 0 11 13 58
goalpost 0.026144488 614 70 640 285
goalpost 0.026078118 628 90 640 184
goalpost 0.02588709 627 0 640 67
goalpost 0.025758022 523 336 553 381
goalpost 0.025221346 536 304 570 360
goalpost 0.025205377 424 413 495 480
goalpost 0.025173709 464 256 513 359
goalpost 0.024818476 591 3 607 61
goalpost 0.024770949 65 356 81 466
goalpost 0.024689456 291 51 331 219
goalpost 0.024492834 112 0 126 50
goalpost 0.02429303 569 13 594 44
goalpost 0.02384709 14 0 33 16
goalpost 0.023786506 474 337 507 400
goalpost 0.023493135 66 0 89 9
goalpost 0.023417752 62 0 84 16
goalpost 0.02338046 114 0 137 19
goalpost 0.023345388 550 287 585 348
goalpost 0.023320872 481 0 494 46
goalpost 0.023259142 521 319 554 372
goalpost 0.023202425 577 0 591 42
goalpost 0.02289044 478 270 522 335
goalpost 0.022757852 617 124 640 357
goalpost 0.02271186 484 292 520 362
goalpost 0.02267681 446 18 467 60
goalpost 0.022656051 1 7 19 34
goalpost 0.022648571 397 0 419 21
goalpost 0.022446629 555 351 636 480
goalpost 0.022303324 0 300 87 480
goalpost 0.022272298 0 277 101 480
goalpost 0.022161474 501 312 536 373
goalpost 0.022128612 618 377 640 453
goalpost 0.022110246 489 348 517 408
goalpost 0.022105442 573 10 592 58
goalpost 0.022024738 585 2 607 30
goalpost 0.021953424 534 0 588 61
goalpost 0.021738246 595 383 640 480
goalpost 0.02170972 453 255 498 326
goalpost 0.021584462 64 347 83 424
goalpost 0.021562735 233 0 251 20
goalpost 0.021508904 73 244 103 433
goalpost 0.02110352 458 405 518 480
goalpost 0.0207927 0 11 18 51
goalpost 0.020768348 382 0 405 21
goalpost 0.020727083 296 22 327 255
goalpost 0.020656526 477 0 500 9
goalpost 0.020557128 537 362 565 403
