goalpost 0.7838083 498 25 640 452
goalpost 0.12526993 427 62 627 405
goalpost 0.11005682 483 0 640 375
goalpost 0.069445975 521 58 640 480
goalpost 0.058134977 509 0 637 355
goalpost 0.055497915 628 0 640 45
goalpost 0.054754846 536 93 640 467
goalpost 0.040518016 3 128 12 221
goalpost 0.03993525 620 0 640 25
goalpost 0.037977576 2 145 11 252
goalpost 0.037678853 522 0 616 445
goalpost 0.03628022 491 0 625 480
goalpost 0.035386585 0 159 12 238
goalpost 0.035367865 555 0 628 452
goalpost 0.03477556 0 187 12 257
goalpost 0.03461907 512 144 626 461
goalpost 0.03278521 608 0 629 18
goalpost 0.032125328 544 9 639 341
goalpost 0.03086979 627 0 640 35
goalpost 0.028800052 0 202 10 265
goalpost 0.028674103 361 248 390 479
goalpost 0.027255105 3 184 12 277
goalpost 0.026583817 0 152 10 224
goalpost 0.026490273 620 1 640 33
goalpost 0.02559197 0 177 10 244
goalpost 0.025124766 344 372 406 479
goalpost 0.024659619 598 428 638 474
goalpost 0.024472423 365 249 385 409
goalpost 0.023351705 0 140 13 207
goalpost 0.02327072 1 106 14 196
goalpost 0.02303073 355 312 397 480
goalpost 0.022673475 523 211 640 476
goalpost 0.022604514 408 0 439 208
goalpost 0.022377258 519 420 554 480
goalpost 0.0223173 356 252 392 407
goalpost 0.021933805 527 424 572 478
goalpost 0.021517046 357 360 419 468
goalpost 0.021278849 0 209 13 278
goalpost 0.021254636 0 199 13 245
goalpost 0.020674692 541 8 640 480
goalpost 0.020530986 567 28 640 387
goalpost 0.020501874 0 210 14 256
goalpost 0.020254407 411 0 580 320
goalpost 0.02024995 590 0 614 15
goalpost 0.020179328 540 0 640 480
goalpost 0.020031568 626 11 640 85
goalpost 0.019838775 397 120 632 480
goalpost 0.01950111 2 201 13 303
goalpost 0.01939418 411 0 451 198
goalpost 0.019212296 109 266 130 409
goalpost 0.019114567 475 163 613 419
goalpost 0.018915959 87 293 127 480
goalpost 0.018910643 617 49 640 285
goalpost 0.018192815 584 0 640 412
goalpost 0.018084625 347 212 375 423
goalpost 0.01790152 55 258 84 459
goalpost 0.017894361 0 0 23 31
goalpost 0.017634962 601 412 633 471
goalpost 0.01760099 583 425 622 475
goalpost 0.017389461 341 249 379 407
goalpost 0.017369641 0 131 13 189
goalpost 0.017344916 609 3 630 27
goalpost 0.01731961 369 314 410 480
goalpost 0.016966285 623 71 640 238
goalpost 0.016965026 0 218 14 348
goalpost 0.016905133 105 275 134 379
goalpost 0.016858984 561 0 640 325
goalpost 0.016674913 184 307 288 480
goalpost 0.016635535 190 371 285 480
goalpost 0.016569883 350 232 371 386
goalpost 0.016567567 407 0 457 214
goalpost 0.016458858 0 186 13 234
goalpost 0.016257957 0 233 16 391
goalpost 0.016221732 469 86 638 480
goalpost 0.016196754 611 428 640 473
goalpost 0.016157366 248 203 277 426
goalpost 0.016099386 361 261 388 378
goalpost 0.016045507 249 237 277 349
goalpost 0.016043993 505 428 541 476
goalpost 0.01591132 0 221 14 268
goalpost 0.015889583 616 411 640 469
goalpost 0.015820747 311 136 341 189
goalpost 0.015652817 477 14 640 262
goalpost 0.015598833 0 162 14 214
goalpost 0.015531539 552 196 636 480
goalpost 0.015508896 0 424 28 473
goalpost 0.015489781 0 117 16 183
goalpost 0.015432564 41 251 71 459
goalpost 0.015344339 54 284 88 375
goalpost 0.015325404 9 253 37 480
goalpost 0.015262447 48 383 65 480
goalpost 0.015152153 379 0 640 480
goalpost 0.015007916 253 208 273 355
goalpost 0.014918993 0 308 17 469
goalpost 0.014893842 204 391 259 480
goalpost 0.014859245 10 11 187 480
goalpost 0.014843129 235 108 258 201
goalpost 0.014810616 370 377 410 471
goalpost 0.014808424 400 2 446 145
goalpost 0.014690349 328 385 393 480
