goalpost 0.47907913 295 0 472 358
goalpost 0.33139926 444 41 485 188
goalpost 0.27797917 188 0 218 188
goalpost 0.25212726 2 26 26 207
goalpost 0.22288546 60 48 85 174
goalpost 0.21128699 543 141 562 163
goalpost 0.20824884 281 6 367 327
goalpost 0.18473877 406 18 454 242
goalpost 0.18354982 324 0 452 224
goalpost 0.17299396 252 77 430 391
goalpost 0.16793099 295 0 312 14
goalpost 0.15906194 0 0 92 209
goalpost 0.15459001 271 1 288 20
goalpost 0.1495299 473 35 504 171
goalpost 0.14051738 26 36 66 185
goalpost 0.136557 540 146 578 261
goalpost 0.13477047 291 0 545 194
goalpost 0.13280213 73 13 154 212
goalpost 0.12025653 231 8 433 259
goalpost 0.119654216 369 24 428 288
goalpost 0.1189755 3 151 25 240
goalpost 0.11193639 449 127 483 225
goalpost 0.10698922 126 15 197 209
goalpost 0.10514353 129 5 153 167
goalpost 0.09848856 171 0 205 178
goalpost 0.097345725 567 0 598 23
goalpost 0.09625363 243 70 343 370
goalpost 0.0955702 610 0 633 28
goalpost 0.09484386 543 145 568 192
goalpost 0.09365416 190 0 278 346
goalpost 0.09308641 343 258 395 344
goalpost 0.092327364 488 2 509 29
goalpost 0.09193775 197 20 224 74
goalpost 0.090775564 286 54 335 272
goalpost 0.09066863 221 0 242 19
goalpost 0.08721777 0 0 40 151
goalpost 0.08377954 182 13 247 233
goalpost 0.08343355 246 0 312 310
goalpost 0.0799514 557 0 584 21
goalpost 0.07957058 444 5 475 34
goalpost 0.07854205 16 0 65 146
goalpost 0.07852474 101 15 124 168
goalpost 0.07756479 359 0 383 21
goalpost 0.07648446 332 0 350 17
goalpost 0.07516904 338 16 401 305
goalpost 0.07485955 317 20 373 278
goalpost 0.074617095 534 127 555 157
goalpost 0.073529355 252 37 303 236
goalpost 0.07291895 153 12 224 198
goalpost 0.07095394 310 132 363 313
goalpost 0.06934057 167 13 195 46
goalpost 0.067433804 414 92 507 317
goalpost 0.06609275 415 2 454 29
goalpost 0.06392593 61 6 98 150
goalpost 0.06256195 49 0 143 319
goalpost 0.06225568 22 0 133 158
goalpost 0.05926991 411 136 452 264
goalpost 0.057889022 2 12 38 93
goalpost 0.05719615 64 20 99 60
goalpost 0.056718197 95 23 126 63
goalpost 0.056588415 1 450 25 480
goalpost 0.055632718 371 0 580 148
goalpost 0.05478705 567 188 596 264
goalpost 0.054394193 402 0 461 118
goalpost 0.05437956 344 162 394 328
goalpost 0.05421702 0 0 125 304
goalpost 0.053818583 221 13 278 209
goalpost 0.053722493 22 16 58 73
goalpost 0.052135367 371 0 432 111
goalpost 0.050906796 133 13 161 58
goalpost 0.0481167 521 165 555 289
goalpost 0.046731703 191 0 287 175
goalpost 0.046628818 379 0 417 25
goalpost 0.046020772 0 120 19 236
goalpost 0.045855433 140 29 265 298
goalpost 0.045685507 350 0 397 99
goalpost 0.045504615 518 66 554 154
goalpost 0.04375033 513 4 531 29
goalpost 0.0436743 354 0 481 137
goalpost 0.04317041 325 111 512 370
goalpost 0.043079793 402 39 493 239
goalpost 0.04270752 423 0 513 216
goalpost 0.04260366 170 4 235 346
goalpost 0.03849518 440 3 480 104
goalpost 0.036853004 615 160 632 219
goalpost 0.036619246 155 0 267 162
goalpost 0.035163015 480 60 568 371
goalpost 0.03493824 124 0 171 284
goalpost 0.034454454 284 135 330 298
goalpost 0.033968765 523 0 632 216
goalpost 0.03371354 365 252 419 360
goalpost 0.033488832 0 368 76 480
goalpost 0.030554913 0 24 42 326
goalpost 0.030389035 571 154 593 201
goalpost 0.030259442 372 189 422 320
goalpost 0.030104117 212 34 255 227
goalpost 0.029960858 184 432 282 480
goalpost 0.02978867 77 24 194 290
goalpost 0.029523145 226 0 321 122
goalpost 0.029401148 293 177 477 469
