goalpost 0.28903294 167 29 264 427
goalpost 0.28042406 299 0 326 45
goalpost 0.26910132 260 0 343 209
goalpost 0.26137224 591 178 639 382
goalpost 0.257303 34 0 65 35
goalpost 0.24373448 414 0 472 264
goalpost 0.24289988 292 1 331 124
goalpost 0.24200271 0 0 87 203
goalpost 0.21471196 60 0 94 28
goalpost 0.20603946 123 65 245 391
goalpost 0.19821192 0 0 34 303
goalpost 0.18649696 3 12 36 161
goalpost 0.17724636 148 152 206 377
goalpost 0.17078301 343 0 415 263
goalpost 0.16999656 287 0 327 275
goalpost 0.16983704 457 0 488 263
goalpost 0.16684094 100 0 132 29
goalpost 0.16508403 121 2 143 37
goalpost 0.16502643 540 15 612 366
goalpost 0.16306403 311 0 381 266
goalpost 0.16256766 464 4 497 175
goalpost 0.16194616 23 0 71 105
goalpost 0.159402 307 1 336 38
goalpost 0.1500845 434 0 492 261
goalpost 0.14997852 0 0 57 269
goalpost 0.14436749 155 35 224 353
goalpost 0.14240499 175 165 239 400
goalpost 0.14056759 451 8 517 230
goalpost 0.14023887 53 0 135 365
goalpost 0.13505732 14 0 78 196
goalpost 0.12923476 70 111 96 222
goalpost 0.12889913 87 139 308 398
goalpost 0.12441449 54 0 101 77
goalpost 0.1217095 261 0 283 33
goalpost 0.11430459 124 129 174 340
goalpost 0.11073968 557 64 640 369
goalpost 0.10742472 261 0 287 84
goalpost 0.10740678 457 17 489 99
goalpost 0.10662008 583 167 640 361
goalpost 0.106293164 355 20 386 233
goalpost 0.10609481 2 8 29 82
goalpost 0.10585031 560 5 578 45
goalpost 0.10437418 240 0 260 39
goalpost 0.101663694 115 126 207 477
goalpost 0.09984599 241 0 314 233
goalpost 0.09818247 303 0 341 253
goalpost 0.09781206 623 4 640 61
goalpost 0.09682623 415 0 445 42
goalpost 0.0950133 468 22 496 91
goalpost 0.09302112 3 119 22 293
goalpost 0.08656774 96 94 170 405
goalpost 0.084641166 463 84 583 414
goalpost 0.084087335 62 35 97 219
goalpost 0.08366658 78 51 150 368
goalpost 0.08355188 570 3 592 32
goalpost 0.08324184 550 165 640 447
goalpost 0.082225025 388 3 416 56
goalpost 0.08149522 178 139 225 334
goalpost 0.079190806 418 0 526 167
goalpost 0.07588879 91 138 136 302
goalpost 0.075673 357 7 384 51
goalpost 0.07550435 205 0 273 289
goalpost 0.071251884 572 148 628 358
goalpost 0.07108606 28 0 124 201
goalpost 0.06966146 238 0 257 77
goalpost 0.06852593 294 0 358 297
goalpost 0.06715552 0 0 177 132
goalpost 0.065574035 314 0 458 134
goalpost 0.06524432 555 8 572 106
goalpost 0.06514275 353 0 387 144
goalpost 0.064877786 414 0 450 117
goalpost 0.06391376 379 0 412 233
goalpost 0.06375709 585 106 640 418
goalpost 0.06085493 476 0 530 262
goalpost 0.05838574 208 185 265 401
goalpost 0.057603218 234 11 255 118
goalpost 0.05645092 418 47 523 408
goalpost 0.05631842 135 44 191 326
goalpost 0.056192502 291 0 409 174
goalpost 0.054146327 35 38 135 243
goalpost 0.052588653 503 0 558 310
goalpost 0.051893633 96 5 134 97
goalpost 0.05085936 386 3 415 135
goalpost 0.050266072 620 0 636 111
goalpost 0.049482126 209 4 224 33
goalpost 0.04476635 573 144 640 480
goalpost 0.044691443 69 168 100 302
goalpost 0.044633806 466 0 581 132
goalpost 0.044095676 601 89 634 278
goalpost 0.04130563 201 26 227 113
goalpost 0.041145768 519 0 555 180
goalpost 0.040527653 217 0 293 380
goalpost 0.03911591 393 56 444 379
goalpost 0.038817357 492 87 640 323
goalpost 0.0383834 453 148 496 297
goalpost 0.037585296 252 182 295 361
goalpost 0.03726539 606 19 633 172
goalpost 0.036366228 104 221 285 470
goalpost 0.035774373 615 438 640 480
goalpost 0.03491159 534 168 593 346
