goalpost 0.2516038 94 102 132 129
goalpost 0.24454184 229 107 268 192
goalpost 0.19565408 453 0 549 267
goalpost 0.19178672 78 0 137 88
goalpost 0.17034769 94 105 133 162
goalpost 0.16330469 445 0 492 110
goalpost 0.15833879 442 27 506 255
goalpost 0.15237077 445 12 608 181
goalpost 0.13432604 465 0 594 327
goalpost 0.13428447 376 25 562 384
goalpost 0.1180918 0 0 16 86
goalpost 0.116466485 410 0 500 200
goalpost 0.11156091 230 0 291 82
goalpost 0.11034281 327 94 354 119
goalpost 0.107974134 416 0 464 107
goalpost 0.10197934 354 7 619 236
goalpost 0.09220658 230 98 267 152
goalpost 0.084396556 457 62 562 415
goalpost 0.07988146 541 0 589 87
goalpost 0.07914816 68 99 103 133
goalpost 0.07619455 0 124 12 169
goalpost 0.076171726 545 1 587 46
goalpost 0.07589222 497 1 640 134
goalpost 0.07333209 450 27 490 155
goalpost 0.07121738 448 4 490 50
goalpost 0.068497404 395 21 490 303
goalpost 0.06621568 534 39 582 289
goalpost 0.06292122 494 32 561 266
goalpost 0.06288117 561 0 640 148
goalpost 0.06124013 324 95 503 388
goalpost 0.06082685 60 106 99 160
goalpost 0.060776338 604 5 638 121
goalpost 0.057172325 266 39 362 275
goalpost 0.056273255 103 0 263 136
goalpost 0.056154836 388 0 425 94
goalpost 0.05481958 88 0 130 60
goalpost 0.053919207 30 35 162 254
goalpost 0.052961286 468 6 510 47
goalpost 0.05162585 496 0 640 290
goalpost 0.050680377 523 20 640 187
goalpost 0.049784955 460 0 512 103
goalpost 0.0480714 340 100 380 181
goalpost 0.04791356 115 117 149 172
goalpost 0.0478789 41 122 73 161
goalpost 0.047091756 611 126 640 315
goalpost 0.046976574 555 1 620 87
goalpost 0.046771996 346 37 443 268
goalpost 0.046728943 78 68 226 240
goalpost 0.04564415 416 0 459 46
goalpost 0.045276977 63 1 111 54
goalpost 0.04459001 383 0 463 181
goalpost 0.044564936 227 1 270 54
goalpost 0.04424209 242 63 390 224
goalpost 0.042789713 185 56 256 363
goalpost 0.0426201 46 0 149 175
goalpost 0.04249126 91 67 134 102
goalpost 0.04175416 93 114 128 201
goalpost 0.041633803 343 91 373 130
goalpost 0.04148168 611 434 636 480
goalpost 0.040817272 393 168 619 413
goalpost 0.038897242 0 98 11 141
goalpost 0.03866839 216 13 309 313
goalpost 0.0382655 0 52 13 92
goalpost 0.03810014 410 48 469 179
goalpost 0.037982527 559 5 623 190
goalpost 0.037651945 233 98 347 267
goalpost 0.037264332 111 105 143 128
goalpost 0.03402975 149 74 267 237
goalpost 0.033865895 481 443 509 480
goalpost 0.03371295 321 105 359 185
goalpost 0.033672445 585 0 640 307
goalpost 0.03357137 406 87 538 311
goalpost 0.03342576 510 426 543 480
goalpost 0.03334594 0 0 74 191
goalpost 0.032964196 281 181 403 436
goalpost 0.032931864 398 69 640 317
goalpost 0.032532524 2 143 18 212
goalpost 0.032275684 63 55 286 193
goalpost 0.031323303 201 121 237 203
goalpost 0.030694226 439 111 489 279
goalpost 0.0303859 327 81 354 100
goalpost 0.029444285 506 4 553 32
goalpost 0.029249057 410 0 539 132
goalpost 0.029176295 557 3 609 53
goalpost 0.028458748 285 0 406 134
goalpost 0.028411286 385 0 424 44
goalpost 0.028093617 0 130 140 468
goalpost 0.028085323 614 408 636 464
goalpost 0.027490871 606 9 639 222
goalpost 0.0273308 176 56 304 191
goalpost 0.02700798 6 0 137 130
goalpost 0.027007766 172 0 279 147
goalpost 0.026873613 216 69 326 228
goalpost 0.026777854 227 68 265 98
goalpost 0.02625012 468 218 513 312
goalpost 0.026152765 35 9 83 87
goalpost 0.025821334 462 16 511 179
goalpost 0.025773799 222 0 304 195
goalpost 0.025523478 234 0 381 157
goalpost 0.025305849 0 328 73 480
