goalpost 0.7230752 504 14 640 434
goalpost 0.13916421 439 80 617 365
goalpost 0.13584936 478 0 637 354
goalpost 0.11259857 0 404 47 477
goalpost 0.09356476 542 0 639 378
goalpost 0.06808651 3 125 11 227
goalpost 0.06522382 628 2 640 57
goalpost 0.06463608 524 77 640 480
goalpost 0.06426953 535 125 640 452
goalpost 0.06379654 0 152 11 228
goalpost 0.05210446 0 412 34 480
goalpost 0.048081044 526 0 620 441
goalpost 0.045876086 435 49 636 480
goalpost 0.045101743 3 113 12 199
goalpost 0.04485966 0 146 8 215
goalpost 0.041706406 3 157 11 248
goalpost 0.03867424 215 372 283 480
goalpost 0.038090996 4 0 129 480
goalpost 0.037956424 620 0 640 31
goalpost 0.037280377 621 5 640 42
goalpost 0.037175152 329 221 358 456
goalpost 0.036901794 0 173 10 239
goalpost 0.0336681 0 392 35 480
goalpost 0.03232134 3 413 42 480
goalpost 0.032122683 537 0 640 480
goalpost 0.0319482 0 136 12 211
goalpost 0.031003866 0 132 9 190
goalpost 0.030958373 424 0 582 325
goalpost 0.03053018 0 179 13 250
goalpost 0.030241922 620 13 640 63
goalpost 0.030145153 233 361 288 480
goalpost 0.029815286 0 389 30 472
goalpost 0.02930561 0 174 12 222
goalpost 0.029010998 325 258 364 432
goalpost 0.028049154 225 335 273 480
goalpost 0.027216678 0 9 193 480
goalpost 0.02696759 558 69 640 394
goalpost 0.026270896 560 0 624 408
goalpost 0.025390303 609 0 630 25
goalpost 0.025060518 0 0 147 480
goalpost 0.0247029 626 5 640 84
goalpost 0.023190767 230 247 264 479
goalpost 0.022976771 344 197 373 417
goalpost 0.022296706 0 153 13 203
goalpost 0.021862315 503 63 604 419
goalpost 0.02165497 0 324 38 474
goalpost 0.021524834 0 122 11 177
goalpost 0.021340141 582 0 640 388
goalpost 0.02104402 220 301 273 458
goalpost 0.020782359 625 19 640 132
goalpost 0.0206707 0 121 14 184
goalpost 0.020439979 1 178 13 291
goalpost 0.02042701 3 385 43 466
goalpost 0.02011007 233 328 308 480
goalpost 0.020027854 200 360 270 473
goalpost 0.019846536 208 323 331 480
goalpost 0.019764608 0 284 30 480
goalpost 0.019081205 0 362 50 476
goalpost 0.018939486 185 189 214 415
goalpost 0.018938147 611 7 630 36
goalpost 0.018810924 0 391 45 480
goalpost 0.018661588 543 14 640 480
goalpost 0.018549364 611 10 635 43
goalpost 0.018245006 349 217 370 378
goalpost 0.018142672 478 132 617 406
goalpost 0.017996842 11 406 58 475
goalpost 0.01788125 1 79 14 174
goalpost 0.017732587 617 34 640 281
goalpost 0.017642902 246 232 278 467
goalpost 0.017442657 184 235 215 353
goalpost 0.01711392 624 36 640 186
goalpost 0.01697275 0 405 25 480
goalpost 0.016893154 333 242 355 416
goalpost 0.016892869 0 194 13 241
goalpost 0.016722368 0 108 15 172
goalpost 0.016438229 542 0 640 260
goalpost 0.016193777 60 132 82 192
goalpost 0.016036114 505 0 640 327
goalpost 0.016021095 180 209 218 376
goalpost 0.015821667 226 347 295 466
goalpost 0.015818793 491 0 619 480
goalpost 0.015803974 441 323 470 433
goalpost 0.0154167265 204 328 278 480
goalpost 0.015360849 446 300 466 456
goalpost 0.015299716 571 0 640 291
goalpost 0.015297905 518 186 620 468
goalpost 0.015173117 321 241 367 375
goalpost 0.015159021 379 0 419 199
goalpost 0.015084135 442 284 470 480
goalpost 0.01501343 338 257 380 434
goalpost 0.015002751 221 396 274 476
goalpost 0.0148656815 0 0 24 31
goalpost 0.014748423 517 0 616 305
goalpost 0.014732558 108 0 263 409
goalpost 0.014678841 589 0 615 21
goalpost 0.014665783 211 322 258 480
goalpost 0.014622649 0 0 167 398
goalpost 0.014515342 0 111 18 154
goalpost 0.014497923 360 230 391 463
goalpost 0.014395787 376 246 405 475
