goalpost 0.41555366 422 0 444 41
goalpost 0.25985682 348 0 410 287
goalpost 0.23647979 534 0 595 187
goalpost 0.1907272 555 0 640 217
goalpost 0.18630978 346 0 381 185
goalpost 0.16719988 41 131 73 205
goalpost 0.16596796 47 129 70 172
goalpost 0.16314821 1 0 34 100
goalpost 0.15316477 373 5 438 265
goalpost 0.14502966 327 0 358 124
goalpost 0.14088827 418 0 450 89
goalpost 0.13267323 251 0 283 90
goalpost 0.13043243 602 1 640 150
goalpost 0.12765117 54 124 83 178
goalpost 0.12692703 420 23 508 276
goalpost 0.12505622 497 0 629 212
goalpost 0.12313113 4 278 25 405
goalpost 0.11511659 132 93 165 119
goalpost 0.11229792 551 0 640 166
goalpost 0.10882071 557 11 624 154
goalpost 0.104726166 321 33 390 276
goalpost 0.10103714 95 139 124 239
goalpost 0.100764245 459 8 573 279
goalpost 0.09657364 51 134 91 223
goalpost 0.09516294 127 133 163 230
goalpost 0.087760895 345 0 464 281
goalpost 0.08727152 607 16 640 95
goalpost 0.08666012 13 3 68 97
goalpost 0.08411365 383 26 466 206
goalpost 0.083394095 1 128 17 180
goalpost 0.08094094 321 0 365 203
goalpost 0.080675416 505 0 561 181
goalpost 0.07993839 284 0 410 238
goalpost 0.077758804 1 147 20 208
goalpost 0.07423809 300 0 323 104
goalpost 0.0715017 441 1 468 31
goalpost 0.069223374 350 22 380 92
goalpost 0.06914944 0 345 24 480
goalpost 0.06904554 572 8 610 47
goalpost 0.06420753 294 59 320 126
goalpost 0.063120745 385 2 418 25
goalpost 0.06113879 620 187 638 273
goalpost 0.06049442 366 54 513 372
goalpost 0.05928015 374 0 424 117
goalpost 0.059264086 580 0 640 313
goalpost 0.056625728 312 7 435 182
goalpost 0.055472706 289 0 378 189
goalpost 0.055106804 372 0 495 172
goalpost 0.054900452 438 0 617 247
goalpost 0.05345834 128 106 170 205
goalpost 0.05219853 31 149 70 266
goalpost 0.052041445 145 97 181 122
goalpost 0.050974164 115 2 173 85
goalpost 0.049466353 612 250 640 432
goalpost 0.049456343 54 93 153 278
goalpost 0.048779827 514 7 558 120
goalpost 0.047960818 292 28 357 248
goalpost 0.047352996 0 392 29 480
goalpost 0.047140244 393 0 567 362
goalpost 0.046247818 0 187 27 313
goalpost 0.044907764 593 0 640 138
goalpost 0.04478438 0 0 71 189
goalpost 0.044383205 363 59 428 379
goalpost 0.04370956 326 6 356 59
goalpost 0.043449312 17 95 124 286
goalpost 0.0432268 564 182 609 242
goalpost 0.043154802 140 106 191 192
goalpost 0.04247576 153 3 200 85
goalpost 0.041215397 104 90 199 267
goalpost 0.041017734 0 0 147 125
goalpost 0.04062954 17 286 69 401
goalpost 0.040540274 148 129 193 221
goalpost 0.04031733 232 0 274 83
goalpost 0.039634418 472 0 530 189
goalpost 0.03915917 262 62 280 96
goalpost 0.038267475 481 7 501 47
goalpost 0.038155913 622 229 640 343
goalpost 0.03802546 0 156 22 258
goalpost 0.037906997 2 253 25 360
goalpost 0.037521936 572 0 640 243
goalpost 0.03721472 484 26 640 348
goalpost 0.036987744 435 3 482 246
goalpost 0.036851183 415 424 449 480
goalpost 0.03662783 0 177 56 449
goalpost 0.03603079 44 0 201 143
goalpost 0.03579565 0 60 97 332
goalpost 0.035353824 294 0 458 126
goalpost 0.035175614 297 0 321 54
goalpost 0.034653854 494 82 640 299
goalpost 0.034472715 419 0 528 128
goalpost 0.03447018 193 96 227 124
goalpost 0.034278188 187 2 224 80
goalpost 0.034082714 125 72 166 98
goalpost 0.033602096 0 327 64 480
goalpost 0.033394367 613 145 636 242
goalpost 0.03336588 616 448 637 480
goalpost 0.033086944 354 131 385 298
goalpost 0.032517266 0 0 46 270
goalpost 0.03209954 582 127 640 422
goalpost 0.031962804 505 104 594 441
