goalpost 0.1777149 454 1 471 20
goalpost 0.16764982 245 0 281 158
goalpost 0.15007344 8 0 33 27
goalpost 0.13469984 314 1 339 145
goalpost 0.13274741 297 0 326 151
goalpost 0.12328801 124 0 255 172
goalpost 0.12100916 214 7 320 187
goalpost 0.12090526 166 0 321 122
goalpost 0.11502128 488 22 635 454
goalpost 0.11495492 76 0 160 102
goalpost 0.10386951 219 0 276 128
goalpost 0.09883139 252 0 369 215
goalpost 0.096506834 20 2 57 21
goalpost 0.09188911 321 13 343 75
goalpost 0.0911557 89 8 139 45
goalpost 0.085388325 268 0 409 122
goalpost 0.082446486 47 0 175 175
goalpost 0.0756994 0 0 68 185
goalpost 0.07328101 476 0 498 9
goalpost 0.07123771 118 7 171 50
goalpost 0.06935092 616 34 635 79
goalpost 0.068810716 0 84 10 143
goalpost 0.0635533 316 0 399 186
goalpost 0.06282123 61 0 204 120
goalpost 0.061599974 103 0 190 107
goalpost 0.060641885 618 3 639 23
goalpost 0.06016749 421 2 442 46
goalpost 0.059883248 392 2 417 37
goalpost 0.059657563 1 1 24 89
goalpost 0.058342382 394 11 427 78
goalpost 0.05781452 611 449 635 480
goalpost 0.055550236 354 0 378 24
goalpost 0.055011917 609 79 636 141
goalpost 0.054757353 0 0 112 195
goalpost 0.052198555 226 52 387 480
goalpost 0.05092261 48 0 132 104
goalpost 0.048814945 246 17 289 70
goalpost 0.048417468 149 7 203 53
goalpost 0.04827728 585 33 609 67
goalpost 0.048209887 533 38 640 472
goalpost 0.047588162 224 11 271 61
goalpost 0.047100805 516 0 543 4
goalpost 0.046435874 0 304 74 480
goalpost 0.046030864 142 0 217 116
goalpost 0.045469657 290 17 325 58
goalpost 0.043790046 392 25 600 438
goalpost 0.042587556 136 110 329 480
goalpost 0.042527493 64 6 111 29
goalpost 0.042224538 3 122 13 151
goalpost 0.040655043 364 0 441 207
goalpost 0.039743166 582 2 612 13
goalpost 0.039588727 555 45 640 324
goalpost 0.037760273 266 0 431 401
goalpost 0.03765452 413 12 439 77
goalpost 0.03616487 0 37 14 123
goalpost 0.036038976 323 0 429 117
goalpost 0.035769984 551 0 580 8
goalpost 0.034290094 610 163 639 421
goalpost 0.034001093 186 9 235 56
goalpost 0.033519562 383 0 493 122
goalpost 0.032667466 23 1 81 94
goalpost 0.032527644 278 0 342 279
goalpost 0.032153945 178 285 313 480
goalpost 0.031768274 185 0 280 221
goalpost 0.031062916 0 292 144 480
goalpost 0.030592998 306 0 370 230
goalpost 0.03009644 610 57 639 275
goalpost 0.02970522 182 0 245 127
goalpost 0.029601509 465 76 573 377
goalpost 0.029267132 374 94 640 388
goalpost 0.02894461 303 0 526 402
goalpost 0.02893105 1 432 24 480
goalpost 0.028787274 0 92 74 480
goalpost 0.02809802 116 272 262 480
goalpost 0.02788497 559 109 623 294
goalpost 0.027774459 355 11 420 276
goalpost 0.02774987 511 76 619 329
goalpost 0.027056018 547 315 640 480
goalpost 0.026961137 584 0 640 340
goalpost 0.026181072 617 16 640 248
goalpost 0.026064353 395 58 418 91
goalpost 0.025431646 508 84 553 315
goalpost 0.024523763 380 285 410 364
goalpost 0.024352062 72 197 362 461
goalpost 0.024043158 326 147 624 388
goalpost 0.023864254 0 101 134 480
goalpost 0.023601778 308 0 348 179
goalpost 0.023370048 201 0 341 322
goalpost 0.022644091 415 0 488 206
goalpost 0.022096785 448 235 475 355
goalpost 0.021415405 0 194 57 480
goalpost 0.020923557 545 58 640 221
goalpost 0.020569522 394 0 462 196
goalpost 0.020180935 439 0 552 122
goalpost 0.019971367 517 199 640 480
goalpost 0.019887801 613 237 640 480
goalpost 0.019090736 608 393 638 480
goalpost 0.018376041 74 48 182 239
