goalpost 0.8963946 102 12 272 418
goalpost 0.1785726 110 83 242 364
goalpost 0.078749314 57 58 247 464
goalpost 0.0578213 97 32 265 276
goalpost 0.053125843 42 0 221 279
goalpost 0.048819967 629 0 639 56
goalpost 0.042691674 226 404 268 474
goalpost 0.037899878 212 404 253 474
goalpost 0.036661804 116 175 241 437
goalpost 0.033810314 195 0 343 287
goalpost 0.032934275 97 0 236 480
goalpost 0.031874795 0 335 51 480
goalpost 0.0310601 115 0 266 480
goalpost 0.03099896 627 293 640 343
goalpost 0.030990073 89 0 252 404
goalpost 0.029984843 627 306 640 358
goalpost 0.027449833 138 50 296 480
goalpost 0.027130729 627 318 640 383
goalpost 0.026382592 626 223 639 333
goalpost 0.026234262 627 325 640 411
goalpost 0.025565874 46 0 178 188
goalpost 0.02546033 398 133 416 233
goalpost 0.024478607 627 0 640 38
goalpost 0.024376627 49 47 199 363
goalpost 0.02348032 165 411 203 480
goalpost 0.023404788 525 372 577 480
goalpost 0.023126902 607 0 625 21
goalpost 0.022948623 627 255 640 345
goalpost 0.022456214 121 5 339 395
goalpost 0.022377875 77 89 214 401
goalpost 0.022089029 205 400 258 458
goalpost 0.021925144 73 7 212 221
goalpost 0.021262504 126 27 232 432
goalpost 0.021249712 619 261 640 329
goalpost 0.02118727 590 0 610 18
goalpost 0.021123335 242 403 283 476
goalpost 0.021114241 0 0 352 480
goalpost 0.020542625 186 13 215 221
goalpost 0.020428455 548 353 638 480
goalpost 0.020153519 627 194 639 299
goalpost 0.019981192 386 283 428 449
goalpost 0.01977632 621 285 640 333
goalpost 0.019490045 613 0 623 54
goalpost 0.019403554 619 0 640 26
goalpost 0.018891232 192 411 242 468
goalpost 0.018831413 626 334 640 461
goalpost 0.018830152 505 386 570 480
goalpost 0.01882931 0 246 18 299
goalpost 0.018329706 217 406 279 480
goalpost 0.018215053 587 341 640 480
goalpost 0.0180598 20 0 144 154
goalpost 0.017945014 372 287 413 447
goalpost 0.017885514 146 68 256 454
goalpost 0.017832447 2 349 87 480
goalpost 0.017817954 1 249 15 325
goalpost 0.017769517 35 0 128 130
goalpost 0.017673813 73 53 103 131
goalpost 0.017630765 0 384 53 480
goalpost 0.017337669 568 195 598 276
goalpost 0.017253244 0 160 23 213
goalpost 0.017245349 628 172 639 261
goalpost 0.017238963 628 0 639 92
goalpost 0.017127031 543 329 640 480
goalpost 0.01701319 519 405 585 480
goalpost 0.016938234 190 63 210 216
goalpost 0.0168969 0 151 23 199
goalpost 0.01688689 594 0 607 56
goalpost 0.016618399 76 0 207 165
goalpost 0.01658851 613 0 623 32
goalpost 0.016350832 49 0 175 132
goalpost 0.016238391 392 237 422 456
goalpost 0.016234422 0 238 22 284
goalpost 0.016155623 63 0 158 136
goalpost 0.016044602 199 7 229 226
goalpost 0.016026491 533 397 605 480
goalpost 0.015906915 0 263 36 480
goalpost 0.0155057665 0 0 26 25
goalpost 0.015463284 621 301 640 340
goalpost 0.01543973 573 0 599 16
goalpost 0.01542605 201 389 264 470
goalpost 0.0153986635 626 104 640 196
goalpost 0.01535376 627 150 640 242
goalpost 0.015352224 112 18 190 446
goalpost 0.015329197 374 99 429 480
goalpost 0.015322886 595 0 608 29
goalpost 0.015311688 0 322 63 480
goalpost 0.015237134 150 408 187 480
goalpost 0.015041959 1 270 15 358
goalpost 0.014988712 577 0 591 63
goalpost 0.014920949 382 328 432 464
goalpost 0.014876482 377 256 408 474
goalpost 0.014832569 536 312 566 402
goalpost 0.014801484 237 389 288 480
goalpost 0.014801169 586 298 616 348
goalpost 0.01479909 626 16 640 122
goalpost 0.014772904 553 195 584 275
goalpost 0.014734165 0 142 24 183
goalpost 0.014699766 0 279 44 480
goalpost 0.014692716 230 421 266 480
goalpost 0.014664757 1 215 15 304
