goalpost 0.33276686 380 8 398 68
goalpost 0.2583187 582 78 601 96
goalpost 0.22086398 553 77 571 93
goalpost 0.19665496 607 71 628 98
goalpost 0.16301838 516 80 536 95
goalpost 0.14101394 327 62 342 86
goalpost 0.12590472 604 85 629 144
goalpost 0.12303853 508 83 535 123
goalpost 0.11473504 607 4 638 93
goalpost 0.10985546 578 78 609 112
goalpost 0.10728272 375 6 391 54
goalpost 0.095221095 478 21 572 317
goalpost 0.09338107 493 76 510 93
goalpost 0.07953781 0 46 81 373
goalpost 0.07840533 547 81 573 120
goalpost 0.06799815 0 243 76 480
goalpost 0.06108685 304 3 320 52
goalpost 0.06017786 323 25 337 67
goalpost 0.058689855 603 113 637 241
goalpost 0.05655811 570 6 620 91
goalpost 0.055436783 129 87 162 233
goalpost 0.053891297 260 1 274 59
goalpost 0.052850004 587 0 640 129
goalpost 0.05262359 321 5 335 50
goalpost 0.05209452 489 83 513 142
goalpost 0.05064506 515 42 640 223
goalpost 0.048336994 0 0 24 58
goalpost 0.045372777 529 0 606 169
goalpost 0.04532886 360 64 376 90
goalpost 0.04409489 158 90 177 129
goalpost 0.041810006 464 71 479 90
goalpost 0.041749407 541 11 589 90
goalpost 0.04098634 382 58 398 84
goalpost 0.04018941 208 74 373 431
goalpost 0.0391331 0 309 28 409
goalpost 0.038553767 2 191 36 367
goalpost 0.03745944 156 28 326 416
goalpost 0.037006553 307 20 322 64
goalpost 0.03648245 426 14 441 55
goalpost 0.035972 0 103 18 252
goalpost 0.03589208 474 0 547 182
goalpost 0.03549902 482 9 506 84
goalpost 0.03516965 0 361 83 480
goalpost 0.03477264 283 297 323 384
goalpost 0.03467891 605 58 640 403
goalpost 0.03390213 455 31 517 326
goalpost 0.033368617 133 90 154 148
goalpost 0.03242647 57 387 105 480
goalpost 0.03187523 608 203 637 456
goalpost 0.03161551 1 421 27 480
goalpost 0.03135101 351 229 387 308
goalpost 0.030873777 112 53 180 332
goalpost 0.030856675 513 22 553 76
goalpost 0.030731715 0 212 133 480
goalpost 0.030456824 606 132 640 304
goalpost 0.029319394 90 386 129 480
goalpost 0.02880028 278 159 329 272
goalpost 0.028774058 23 318 158 480
goalpost 0.028442668 535 69 615 397
goalpost 0.027366042 454 78 477 137
goalpost 0.027223833 13 16 121 362
goalpost 0.02698582 380 239 412 299
goalpost 0.026673123 311 167 355 277
goalpost 0.026109045 497 53 577 241
goalpost 0.02589124 308 231 360 303
goalpost 0.025721688 510 86 553 215
goalpost 0.02567864 0 81 16 198
goalpost 0.025508625 543 4 587 46
goalpost 0.02538301 150 89 182 247
goalpost 0.025375051 573 39 640 216
goalpost 0.025335722 462 17 484 76
goalpost 0.025262777 364 0 422 218
goalpost 0.025197282 98 76 126 229
goalpost 0.024917351 567 91 616 208
goalpost 0.02485111 353 177 385 257
goalpost 0.02422998 378 200 406 243
goalpost 0.024223706 284 88 399 431
goalpost 0.024115331 0 132 55 451
goalpost 0.023418114 609 0 640 186
goalpost 0.023366792 35 72 68 176
goalpost 0.023178874 565 0 640 184
goalpost 0.02283575 530 24 640 352
goalpost 0.022335729 239 4 258 50
goalpost 0.022264775 247 303 302 390
goalpost 0.022074675 83 83 189 450
goalpost 0.021565009 616 263 640 470
goalpost 0.021498224 193 85 211 109
goalpost 0.021480015 436 32 498 307
goalpost 0.021310896 111 7 273 387
goalpost 0.021106632 426 74 439 98
goalpost 0.020428175 221 157 404 370
goalpost 0.020245524 570 1 610 44
goalpost 0.019729784 532 74 577 219
goalpost 0.019665247 0 0 55 227
goalpost 0.019544855 43 0 155 385
goalpost 0.019521791 57 63 93 234
goalpost 0.019482806 305 0 372 235
goalpost 0.019131968 540 0 640 108
goalpost 0.018887272 565 78 640 272
goalpost 0.01886072 417 247 441 310
