goalpost 0.9861041 294 0 382 271
goalpost 0.13883102 630 0 639 56
goalpost 0.124374 304 0 403 229
goalpost 0.07365253 311 23 396 329
goalpost 0.06195637 527 0 555 14
goalpost 0.05739338 407 0 442 18
goalpost 0.055363473 622 0 640 30
goalpost 0.054496046 424 0 453 12
goalpost 0.052170273 629 3 639 86
goalpost 0.05168722 535 0 565 15
goalpost 0.041059196 622 2 639 41
goalpost 0.039678402 627 99 640 234
goalpost 0.037231483 0 334 40 465
goalpost 0.035915453 441 0 466 11
goalpost 0.035856918 628 25 639 117
goalpost 0.032421798 613 0 634 19
goalpost 0.031005 286 0 432 412
goalpost 0.030674526 486 239 520 327
goalpost 0.027982505 622 11 640 64
goalpost 0.027942657 18 335 68 465
goalpost 0.027546808 405 0 443 29
goalpost 0.027469067 538 12 567 58
goalpost 0.02740173 5 404 44 480
goalpost 0.026668606 298 0 329 14
goalpost 0.026637295 316 0 407 159
goalpost 0.025933377 626 126 640 279
goalpost 0.0257654 391 0 428 22
goalpost 0.025330188 0 0 172 255
goalpost 0.025276205 537 19 568 75
goalpost 0.025205811 208 0 230 12
goalpost 0.024900205 310 0 344 15
goalpost 0.024380567 332 0 399 259
goalpost 0.024266973 539 0 559 13
goalpost 0.023857133 548 0 578 13
goalpost 0.023818184 315 15 426 272
goalpost 0.023731194 95 0 280 225
goalpost 0.023492228 133 349 170 434
goalpost 0.023447467 574 324 593 467
goalpost 0.023349952 15 0 177 103
goalpost 0.023292314 0 185 16 240
goalpost 0.023076152 458 0 482 10
goalpost 0.02263489 626 59 640 176
goalpost 0.022452742 223 0 245 11
goalpost 0.02243198 236 0 428 241
goalpost 0.022066843 533 18 589 141
goalpost 0.021980038 618 245 640 480
goalpost 0.021844536 136 0 165 177
goalpost 0.021447653 5 0 124 480
goalpost 0.021193217 361 0 524 325
goalpost 0.020924572 533 8 569 39
goalpost 0.02067422 623 277 640 447
goalpost 0.020521794 447 0 464 45
goalpost 0.020449888 611 0 629 24
goalpost 0.019970177 0 201 20 242
goalpost 0.019961534 238 0 261 11
goalpost 0.019953722 0 319 55 424
goalpost 0.019936515 535 4 567 24
goalpost 0.019918598 141 0 161 149
goalpost 0.019673748 0 0 166 340
goalpost 0.019611299 325 0 361 17
goalpost 0.01943167 1 295 32 480
goalpost 0.019230533 0 0 24 24
goalpost 0.019229896 191 0 214 14
goalpost 0.019143717 444 0 463 6
goalpost 0.01912638 1 167 14 252
goalpost 0.01907419 474 0 500 11
goalpost 0.019005287 511 0 538 12
goalpost 0.01898235 132 371 171 459
goalpost 0.018975586 625 241 640 332
goalpost 0.018951302 534 0 586 48
goalpost 0.018931348 611 162 640 401
goalpost 0.018922329 7 376 69 477
goalpost 0.018903803 238 0 255 9
goalpost 0.018841097 622 29 640 93
goalpost 0.018806217 314 0 419 177
goalpost 0.01877546 284 0 312 13
goalpost 0.018637914 222 0 239 10
goalpost 0.018575525 569 260 598 476
goalpost 0.01837035 309 0 372 268
goalpost 0.018341541 527 0 548 15
goalpost 0.018251922 0 389 56 480
goalpost 0.018166875 342 399 377 479
goalpost 0.018151574 403 0 444 50
goalpost 0.018115431 423 235 457 329
goalpost 0.018111521 13 53 84 219
goalpost 0.018085869 593 333 640 480
goalpost 0.018076686 467 0 640 405
goalpost 0.018066091 277 0 441 271
goalpost 0.018059283 0 0 119 120
goalpost 0.018044053 548 347 635 480
goalpost 0.018019395 534 317 585 480
goalpost 0.018009545 527 2 558 22
goalpost 0.017887885 69 383 108 471
goalpost 0.017877527 324 0 408 96
goalpost 0.01775174 119 368 183 458
goalpost 0.017728094 614 2 635 31
goalpost 0.01771784 541 2 560 41
goalpost 0.01768994 70 193 106 277
goalpost 0.017249435 431 239 478 370
goalpost 0.017224105 487 220 520 303
