goalpost 0.3747014 270 0 286 23
goalpost 0.31794745 466 0 518 267
goalpost 0.31435353 434 0 504 386
goalpost 0.2597805 56 1 79 36
goalpost 0.2326873 448 0 489 311
goalpost 0.23178872 379 0 409 164
goalpost 0.23017289 447 3 551 220
goalpost 0.20998406 415 26 466 366
goalpost 0.20940974 4 48 23 114
goalpost 0.20449613 506 5 544 246
goalpost 0.19295105 309 0 375 279
goalpost 0.18699479 406 0 541 354
goalpost 0.16301376 356 72 470 396
goalpost 0.15199588 223 0 288 268
goalpost 0.14626744 415 3 457 239
goalpost 0.14576672 277 2 304 28
goalpost 0.14298503 428 255 490 372
goalpost 0.1359991 3 147 22 241
goalpost 0.1358468 249 0 309 269
goalpost 0.13412757 0 2 14 51
goalpost 0.13312799 543 91 580 235
goalpost 0.12044302 392 4 447 325
goalpost 0.11952625 546 67 576 193
goalpost 0.11680476 317 17 424 372
goalpost 0.11433299 125 13 154 115
goalpost 0.11136362 193 0 258 275
goalpost 0.104584716 505 28 540 71
goalpost 0.104266845 0 25 14 94
goalpost 0.10339925 378 0 400 105
goalpost 0.103239305 186 14 227 284
goalpost 0.1030248 161 6 193 207
goalpost 0.092994176 369 0 391 100
goalpost 0.09219099 412 0 502 231
goalpost 0.08900359 233 5 256 32
goalpost 0.08745791 380 9 403 61
goalpost 0.08653298 499 0 610 179
goalpost 0.08317732 392 110 498 397
goalpost 0.08303523 574 94 600 179
goalpost 0.07883761 310 0 348 276
goalpost 0.0770615 423 0 532 173
goalpost 0.075717784 368 3 389 42
goalpost 0.07146086 617 5 640 23
goalpost 0.07143305 358 0 408 291
goalpost 0.06849829 621 62 640 105
goalpost 0.06730456 268 15 365 351
goalpost 0.06584113 425 0 446 37
goalpost 0.0650612 102 1 128 50
goalpost 0.061935335 443 191 568 407
goalpost 0.061212283 618 94 637 118
goalpost 0.05937294 265 0 285 90
goalpost 0.059030566 155 12 188 133
goalpost 0.05897803 110 2 136 103
goalpost 0.05861353 322 12 347 60
goalpost 0.058112673 225 143 255 285
goalpost 0.054737817 585 1 612 16
goalpost 0.05393934 576 118 605 219
goalpost 0.052270573 58 9 84 66
goalpost 0.05212232 569 252 618 347
goalpost 0.051685862 453 6 484 48
goalpost 0.050676223 611 415 638 480
goalpost 0.050607458 531 0 640 145
goalpost 0.049967647 478 25 519 76
goalpost 0.049256336 284 0 334 289
goalpost 0.04919396 161 0 235 207
goalpost 0.049024187 26 0 101 204
goalpost 0.048825037 282 1 398 251
goalpost 0.048079237 322 0 443 170
goalpost 0.04740606 127 0 185 280
goalpost 0.046837058 611 119 634 173
goalpost 0.046759732 364 0 392 185
goalpost 0.04658847 621 31 640 86
goalpost 0.04646269 393 199 507 480
goalpost 0.04621691 0 0 71 198
goalpost 0.045884747 541 175 585 274
goalpost 0.045128204 522 52 594 383
goalpost 0.04478726 127 11 152 65
goalpost 0.044331357 318 27 531 287
goalpost 0.04357083 205 28 269 361
goalpost 0.043064717 288 3 320 97
goalpost 0.0425806 454 12 495 154
goalpost 0.041833475 541 17 577 131
goalpost 0.04171747 117 352 149 439
goalpost 0.041307118 102 0 197 159
goalpost 0.040412266 540 215 587 301
goalpost 0.040277887 383 85 420 274
goalpost 0.039233096 46 16 73 65
goalpost 0.038769465 195 129 224 277
goalpost 0.038638003 14 418 112 480
goalpost 0.038350865 169 35 239 377
goalpost 0.037663348 545 9 572 36
goalpost 0.037212282 161 15 188 64
goalpost 0.037129078 195 23 224 73
goalpost 0.037007257 537 15 623 205
goalpost 0.036134493 2 167 26 299
goalpost 0.035614476 614 180 635 212
goalpost 0.035556354 506 124 550 288
goalpost 0.035423975 0 94 22 204
goalpost 0.03518374 318 1 347 112
goalpost 0.034978535 24 55 59 135
goalpost 0.033597935 536 140 636 353
