goalpost 0.7687015 6 23 107 394
goalpost 0.14426379 611 0 630 29
goalpost 0.10316777 10 0 76 410
goalpost 0.09378461 0 0 100 480
goalpost 0.08962903 616 0 638 29
goalpost 0.05279773 0 46 166 343
goalpost 0.047621682 624 0 638 34
goalpost 0.046083156 0 14 72 355
goalpost 0.04554945 0 0 57 402
goalpost 0.04549986 0 0 24 222
goalpost 0.040074404 0 59 123 480
goalpost 0.04007281 616 0 637 41
goalpost 0.036118314 22 0 138 469
goalpost 0.03582185 612 0 625 40
goalpost 0.034345474 374 371 412 462
goalpost 0.032580577 388 380 426 470
goalpost 0.031334896 40 62 125 316
goalpost 0.028836995 364 380 422 470
goalpost 0.02874324 89 0 247 306
goalpost 0.028588919 626 3 639 59
goalpost 0.02832259 600 0 622 22
goalpost 0.027994622 62 54 258 347
goalpost 0.027957477 309 407 348 480
goalpost 0.026909638 0 361 16 480
goalpost 0.025909139 54 94 129 377
goalpost 0.025422454 0 0 117 390
goalpost 0.025383383 0 0 48 324
goalpost 0.025253925 626 19 639 89
goalpost 0.02515868 376 369 436 462
goalpost 0.024847781 0 0 177 262
goalpost 0.02473729 0 4 51 222
goalpost 0.023836603 349 206 374 256
goalpost 0.023541206 5 0 36 210
goalpost 0.023511048 322 407 362 480
goalpost 0.022155242 0 399 23 480
goalpost 0.021869004 34 0 121 377
goalpost 0.02171401 0 10 20 177
goalpost 0.021140581 0 348 41 480
goalpost 0.021115256 312 402 374 480
goalpost 0.020924129 363 208 387 257
goalpost 0.02056688 0 0 90 307
goalpost 0.02050427 39 0 157 480
goalpost 0.020273782 299 199 327 257
goalpost 0.01996231 317 203 339 267
goalpost 0.019924268 0 27 29 209
goalpost 0.019850535 365 190 385 253
goalpost 0.019554561 15 107 96 379
goalpost 0.019296326 317 365 368 480
goalpost 0.019184243 309 278 363 480
goalpost 0.019023634 501 319 558 479
goalpost 0.018855868 598 403 634 480
goalpost 0.018446958 331 203 357 255
goalpost 0.018343944 65 0 276 247
goalpost 0.017968262 224 127 241 266
goalpost 0.017870141 0 334 21 480
goalpost 0.017737562 0 7 30 152
goalpost 0.017588727 0 32 24 138
goalpost 0.017548028 617 7 640 49
goalpost 0.017522268 595 0 616 28
goalpost 0.017436104 285 195 309 280
goalpost 0.017357178 139 0 166 24
goalpost 0.017289149 10 18 75 284
goalpost 0.017272523 582 379 640 476
goalpost 0.01703888 298 392 362 480
goalpost 0.016766911 611 7 632 48
goalpost 0.01676633 154 0 181 23
goalpost 0.01674995 627 33 640 114
goalpost 0.016564086 123 0 151 25
goalpost 0.016503502 558 355 631 473
goalpost 0.016051408 0 366 19 464
goalpost 0.015811993 317 188 337 251
goalpost 0.015754426 582 393 619 480
goalpost 0.01575186 0 383 53 480
goalpost 0.015651414 12 88 143 357
goalpost 0.015517519 379 186 400 255
goalpost 0.015486475 523 352 597 477
goalpost 0.015454212 594 325 640 469
goalpost 0.015394457 390 354 422 454
goalpost 0.015380485 281 210 315 272
goalpost 0.015284722 569 390 631 480
goalpost 0.015268195 0 56 24 163
goalpost 0.015105922 368 334 416 452
goalpost 0.0150898835 568 272 600 347
goalpost 0.0150766205 0 274 33 480
goalpost 0.014909934 0 369 27 480
goalpost 0.014756264 462 133 530 274
goalpost 0.014630388 0 11 42 169
goalpost 0.014577029 106 0 136 27
goalpost 0.014557719 350 190 370 252
goalpost 0.014499245 0 0 42 303
goalpost 0.014469182 347 368 409 461
goalpost 0.014467869 234 71 261 285
goalpost 0.014445544 308 181 364 480
goalpost 0.0144423535 376 341 407 443
goalpost 0.014304951 313 0 343 25
goalpost 0.014185743 0 327 16 449
goalpost 0.0141842505 216 0 395 339
goalpost 0.014171408 326 269 363 333
goalpost 0.014100184 119 395 153 480
goalpost 0.013961177 328 0 359 26
