goalpost 0.956945 216 0 285 294
goalpost 0.19072063 0 83 15 250
goalpost 0.08337816 0 59 18 279
goalpost 0.0701773 211 15 315 315
goalpost 0.07010251 2 0 11 88
goalpost 0.06862227 0 104 19 238
goalpost 0.056616224 201 2 229 86
goalpost 0.052039273 351 42 564 308
goalpost 0.052029565 0 8 11 84
goalpost 0.04548224 1 1 13 127
goalpost 0.044438113 538 75 567 296
goalpost 0.043181 345 0 640 464
goalpost 0.039002478 0 0 17 28
goalpost 0.038344316 233 0 295 278
goalpost 0.03694624 627 0 640 37
goalpost 0.03542388 408 0 640 480
goalpost 0.035311114 192 29 276 295
goalpost 0.035194587 0 67 32 389
goalpost 0.03435362 390 398 427 479
goalpost 0.0343063 0 17 14 112
goalpost 0.03380472 365 0 535 254
goalpost 0.032935675 619 0 640 18
goalpost 0.032640476 607 0 635 13
goalpost 0.032412164 0 66 16 204
goalpost 0.029691698 3 0 13 52
goalpost 0.029291106 205 0 225 93
goalpost 0.029057316 463 0 640 254
goalpost 0.028606324 0 84 23 261
goalpost 0.028363563 565 387 601 480
goalpost 0.027967436 627 0 640 23
goalpost 0.027181584 408 222 470 321
goalpost 0.027174905 557 361 607 480
goalpost 0.027171135 338 0 573 229
goalpost 0.026747264 0 4 11 55
goalpost 0.026629185 0 34 30 293
goalpost 0.026383314 243 0 320 287
goalpost 0.025958335 243 26 317 366
goalpost 0.025852013 0 27 15 156
goalpost 0.02486662 0 135 16 279
goalpost 0.024746217 0 95 39 319
goalpost 0.024541665 211 0 270 261
goalpost 0.023836289 421 232 458 326
goalpost 0.023719708 170 245 199 455
goalpost 0.023625944 406 14 640 302
goalpost 0.021965794 0 81 37 245
goalpost 0.021869147 401 0 528 189
goalpost 0.021750191 0 4 39 453
goalpost 0.021650292 0 328 53 480
goalpost 0.021522885 0 189 21 423
goalpost 0.021492964 422 232 485 332
goalpost 0.021324808 209 12 282 189
goalpost 0.021290844 626 4 640 60
goalpost 0.020940121 0 4 16 44
goalpost 0.020792449 0 91 20 189
goalpost 0.02013947 0 219 17 394
goalpost 0.019493883 116 0 599 377
goalpost 0.019334482 236 0 467 245
goalpost 0.019315798 528 98 575 246
goalpost 0.019085353 264 0 296 28
goalpost 0.019069493 197 0 286 226
goalpost 0.019052899 181 341 217 435
goalpost 0.018959252 619 0 640 25
goalpost 0.01895723 428 8 562 217
goalpost 0.018882483 608 3 636 21
goalpost 0.0187944 0 17 15 72
goalpost 0.018560205 415 5 517 259
goalpost 0.018339895 423 109 488 213
goalpost 0.018273504 246 0 474 324
goalpost 0.018082658 12 0 30 19
goalpost 0.01807131 541 103 563 268
goalpost 0.017838662 0 313 83 480
goalpost 0.01730072 170 293 199 411
goalpost 0.017225381 187 7 222 76
goalpost 0.016962625 181 363 247 467
goalpost 0.016916627 382 375 431 480
goalpost 0.016791133 373 386 413 468
goalpost 0.01670377 205 2 226 123
goalpost 0.01664194 216 0 264 236
goalpost 0.016521877 0 422 28 472
goalpost 0.01635534 69 96 106 180
goalpost 0.01633458 0 46 17 139
goalpost 0.016266188 419 198 460 341
goalpost 0.016236875 0 176 16 325
goalpost 0.016207738 0 161 39 393
goalpost 0.016012799 428 0 500 180
goalpost 0.015923725 505 0 537 17
goalpost 0.015812408 190 0 336 350
goalpost 0.01575807 0 116 47 248
goalpost 0.01566909 312 0 343 22
goalpost 0.015661467 372 363 410 444
goalpost 0.015636673 231 0 342 444
goalpost 0.015625361 249 0 282 27
goalpost 0.01562341 295 0 327 24
goalpost 0.015586917 437 335 473 422
goalpost 0.015561332 168 326 226 428
goalpost 0.015540716 278 0 310 26
goalpost 0.015514919 550 56 582 283
goalpost 0.015459416 486 175 520 262
goalpost 0.015310947 423 153 538 452
goalpost 0.015245228 520 0 552 15
