goalpost 0.98464376 0 0 84 267
goalpost 0.10955615 605 0 627 29
goalpost 0.054296438 592 0 620 24
goalpost 0.05004421 367 0 390 23
goalpost 0.049247492 609 0 624 42
goalpost 0.04671863 615 0 639 31
goalpost 0.043744847 378 0 402 24
goalpost 0.04276304 0 0 121 480
goalpost 0.04090714 176 0 226 110
goalpost 0.037614953 625 0 639 45
goalpost 0.035314087 182 10 221 99
goalpost 0.035215028 181 0 220 28
goalpost 0.034730375 2 28 180 480
goalpost 0.034306124 0 32 95 368
goalpost 0.03375171 4 2 88 155
goalpost 0.03167955 573 0 598 28
goalpost 0.031245327 392 0 416 22
goalpost 0.031189991 0 33 72 210
goalpost 0.030572155 0 187 214 480
goalpost 0.029862985 537 322 583 480
goalpost 0.029801533 610 0 640 174
goalpost 0.027847307 7 0 87 206
goalpost 0.027793653 195 22 232 108
goalpost 0.027341416 11 15 80 349
goalpost 0.027224256 352 0 375 22
goalpost 0.026338987 181 32 220 122
goalpost 0.026197523 24 0 123 192
goalpost 0.025665969 529 0 543 58
goalpost 0.025237188 183 5 241 100
goalpost 0.02458221 243 182 302 412
goalpost 0.024483493 409 0 434 20
goalpost 0.023708038 8 47 114 260
goalpost 0.023653496 596 319 640 480
goalpost 0.023479559 624 331 640 478
goalpost 0.023196181 178 0 223 62
goalpost 0.022997696 195 0 230 26
goalpost 0.022553843 0 216 113 480
goalpost 0.02241288 282 0 310 22
goalpost 0.022164945 269 23 289 166
goalpost 0.021986386 0 0 185 269
goalpost 0.021959117 0 75 84 291
goalpost 0.021884149 248 165 279 405
goalpost 0.021463554 592 0 609 45
goalpost 0.02145852 0 0 57 103
goalpost 0.021199029 0 0 56 267
goalpost 0.021162655 245 49 300 438
goalpost 0.021127203 298 0 326 22
goalpost 0.020983834 170 0 205 25
goalpost 0.020421928 211 197 333 405
goalpost 0.020300975 182 54 218 144
goalpost 0.020247817 610 92 640 352
goalpost 0.020218968 618 53 640 294
goalpost 0.020142838 205 156 224 297
goalpost 0.019970011 0 144 163 480
goalpost 0.019814111 611 8 640 252
goalpost 0.019770142 171 37 229 134
goalpost 0.019733366 576 0 593 55
goalpost 0.019693123 556 0 586 23
goalpost 0.019687273 544 0 559 59
goalpost 0.01965172 266 0 295 22
goalpost 0.019621952 332 0 358 22
goalpost 0.019477455 314 0 341 22
goalpost 0.019190114 426 0 451 19
goalpost 0.01874541 597 82 640 242
goalpost 0.01858103 154 0 221 91
goalpost 0.018532999 46 213 127 480
goalpost 0.018530717 336 25 352 162
goalpost 0.018508496 0 7 51 145
goalpost 0.018478356 19 138 84 262
goalpost 0.018151728 191 201 237 331
goalpost 0.018132886 200 212 229 324
goalpost 0.017837431 239 102 302 480
goalpost 0.017768186 8 0 86 95
goalpost 0.01765411 286 154 305 304
goalpost 0.017577747 184 0 216 70
goalpost 0.017463924 541 249 577 480
goalpost 0.017409094 605 260 640 480
goalpost 0.017333843 272 45 328 432
goalpost 0.017320244 251 143 295 458
goalpost 0.01721707 443 0 468 19
goalpost 0.01720015 17 0 74 130
goalpost 0.017191196 32 52 262 480
goalpost 0.017168347 560 0 576 60
goalpost 0.01696937 618 286 640 480
goalpost 0.016866699 244 187 282 347
goalpost 0.016829712 0 13 212 437
goalpost 0.016827084 555 367 630 480
goalpost 0.016679768 78 344 97 480
goalpost 0.016540436 524 0 547 27
goalpost 0.016489342 383 0 398 66
goalpost 0.01647842 189 16 238 132
goalpost 0.01640465 367 2 389 36
goalpost 0.016389027 214 0 244 23
goalpost 0.016360559 0 0 116 310
goalpost 0.016323643 0 0 73 172
goalpost 0.016145743 589 386 640 480
goalpost 0.016067874 442 71 469 180
goalpost 0.015787503 458 0 485 20
goalpost 0.015703496 539 0 563 28
goalpost 0.015681297 200 180 230 411
