goalpost 0.39147848 14 80 77 406
goalpost 0.3320287 0 107 37 455
goalpost 0.32518643 192 4 302 215
goalpost 0.32083791 325 20 349 198
goalpost 0.3026162 412 8 515 229
goalpost 0.26635483 254 13 341 225
goalpost 0.2623276 256 10 287 208
goalpost 0.24954088 155 0 202 228
goalpost 0.22289583 286 23 313 195
goalpost 0.22052027 589 151 640 324
goalpost 0.21912703 182 0 219 237
goalpost 0.21257663 0 0 98 368
goalpost 0.20881082 355 17 379 202
goalpost 0.20603819 55 36 136 373
goalpost 0.19895044 302 25 381 231
goalpost 0.19862102 413 0 587 350
goalpost 0.17957482 354 19 437 220
goalpost 0.17860697 133 0 153 18
goalpost 0.17096391 493 45 623 365
goalpost 0.17076023 217 11 255 202
goalpost 0.16620228 514 0 546 22
goalpost 0.16542105 471 16 527 211
goalpost 0.16288105 565 157 630 308
goalpost 0.1606115 520 25 640 314
goalpost 0.1511261 170 14 263 228
goalpost 0.14580892 517 153 640 371
goalpost 0.14183429 59 98 107 293
goalpost 0.13774462 386 0 417 205
goalpost 0.13326295 448 0 572 213
goalpost 0.13321404 129 0 224 216
goalpost 0.13161619 411 0 451 219
goalpost 0.11960271 0 84 26 303
goalpost 0.11383977 21 75 65 306
goalpost 0.11210117 85 104 126 335
goalpost 0.10740163 394 0 477 239
goalpost 0.09918775 495 22 551 239
goalpost 0.097946495 189 19 232 71
goalpost 0.097558156 439 7 489 208
goalpost 0.097206146 236 0 310 267
goalpost 0.09612278 485 0 515 26
goalpost 0.09359328 20 33 102 308
goalpost 0.091985404 413 22 447 69
goalpost 0.09118661 141 0 279 176
goalpost 0.09083776 483 0 618 201
goalpost 0.08966314 551 108 640 470
goalpost 0.08592296 0 444 22 480
goalpost 0.08516434 449 4 480 39
goalpost 0.08499374 7 0 26 17
goalpost 0.083982706 525 46 588 289
goalpost 0.08382553 82 0 161 345
goalpost 0.080716625 167 2 193 31
goalpost 0.074732035 536 0 571 19
goalpost 0.07422634 110 0 131 17
goalpost 0.069564864 216 22 262 77
goalpost 0.06928443 387 26 426 73
goalpost 0.06905189 615 9 640 52
goalpost 0.06902607 253 21 293 84
goalpost 0.06670458 500 4 561 112
goalpost 0.06662037 437 39 640 266
goalpost 0.06415794 531 148 596 296
goalpost 0.06385056 570 0 605 20
goalpost 0.0635993 0 217 31 436
goalpost 0.062416475 571 60 640 378
goalpost 0.06204522 112 0 181 260
goalpost 0.06082022 180 9 236 173
goalpost 0.060724877 498 151 559 276
goalpost 0.060435668 326 0 407 203
goalpost 0.059489045 349 12 388 48
goalpost 0.054279927 127 10 166 210
goalpost 0.05346167 530 0 640 208
goalpost 0.052505728 70 33 151 213
goalpost 0.05106767 444 5 484 125
goalpost 0.04912512 320 15 358 64
goalpost 0.048671253 224 0 357 174
goalpost 0.04843386 0 137 65 480
goalpost 0.048354466 474 139 527 256
goalpost 0.04754278 285 14 326 70
goalpost 0.04718197 28 0 58 11
goalpost 0.047057245 615 0 639 115
goalpost 0.046615764 617 454 635 480
goalpost 0.043825943 161 7 204 130
goalpost 0.041557096 282 0 355 283
goalpost 0.039783683 259 5 399 144
goalpost 0.03923792 358 1 495 142
goalpost 0.03850072 54 114 98 379
goalpost 0.038478523 477 5 524 115
goalpost 0.03765649 161 152 195 242
goalpost 0.03711837 494 0 640 128
goalpost 0.036547087 0 355 73 480
goalpost 0.0358813 0 89 60 373
goalpost 0.034989566 525 0 584 95
goalpost 0.03441401 193 311 346 480
goalpost 0.034410253 557 43 626 172
goalpost 0.034290418 58 292 199 480
goalpost 0.034203 607 74 637 235
goalpost 0.033998635 16 50 114 471
goalpost 0.0312724 125 16 206 337
goalpost 0.03024858 414 151 536 356
goalpost 0.030075548 0 3 59 202
goalpost 0.029969985 579 0 640 127
