goalpost 0.94266045 52 12 177 384
goalpost 0.46126857 41 4 142 332
goalpost 0.09936702 46 0 113 302
goalpost 0.09125715 0 49 196 324
goalpost 0.07068287 46 0 162 480
goalpost 0.055274658 59 75 262 327
goalpost 0.050658926 90 0 253 301
goalpost 0.047438283 0 15 16 175
goalpost 0.045614917 628 0 640 59
goalpost 0.035379782 0 0 197 257
goalpost 0.0350034 10 0 116 239
goalpost 0.03273766 76 48 219 480
goalpost 0.030219737 31 5 79 142
goalpost 0.028767675 51 1 88 230
goalpost 0.028378231 522 360 551 444
goalpost 0.028318876 57 67 140 456
goalpost 0.027237562 47 0 163 264
goalpost 0.026822416 40 0 74 191
goalpost 0.026312605 0 36 19 153
goalpost 0.02561401 627 0 640 41
goalpost 0.024940556 0 0 19 207
goalpost 0.024939315 430 201 450 256
goalpost 0.024528548 59 0 279 244
goalpost 0.022809502 89 72 182 389
goalpost 0.022755457 43 38 95 199
goalpost 0.022295237 491 188 515 231
goalpost 0.021697287 477 186 502 234
goalpost 0.02151436 527 348 546 478
goalpost 0.021462154 620 0 640 28
goalpost 0.021270718 606 0 632 20
goalpost 0.02093321 415 205 435 255
goalpost 0.020607851 446 193 466 258
goalpost 0.020493608 0 318 16 441
goalpost 0.020391049 215 0 379 292
goalpost 0.020174189 29 53 181 480
goalpost 0.020023469 0 342 47 480
goalpost 0.019986467 80 129 156 373
goalpost 0.01984296 460 184 485 237
goalpost 0.019808691 31 0 125 211
goalpost 0.019733028 11 81 140 377
goalpost 0.019656997 0 77 19 190
goalpost 0.019627605 36 103 312 457
goalpost 0.019465785 38 10 74 109
goalpost 0.019434378 0 67 16 215
goalpost 0.01937438 0 0 25 26
goalpost 0.018601337 445 184 470 237
goalpost 0.018454062 18 0 192 359
goalpost 0.018259183 0 0 329 480
goalpost 0.018220605 577 53 640 480
goalpost 0.018157175 43 6 92 143
goalpost 0.018144494 32 33 84 182
goalpost 0.017965807 0 86 233 439
goalpost 0.017890899 545 220 587 273
goalpost 0.017861992 24 0 86 100
goalpost 0.01784308 0 10 20 114
goalpost 0.017823828 552 204 583 271
goalpost 0.017817985 620 0 640 39
goalpost 0.017589116 68 0 136 300
goalpost 0.017388735 40 6 121 176
goalpost 0.01698337 559 66 640 452
goalpost 0.01674724 591 345 640 480
goalpost 0.016593365 493 172 514 225
goalpost 0.016342536 0 2 24 163
goalpost 0.016282639 461 188 481 262
goalpost 0.016267765 12 2 71 115
goalpost 0.016234316 99 0 218 480
goalpost 0.01610172 521 382 550 467
goalpost 0.015743434 494 182 513 243
goalpost 0.015665319 594 225 638 264
goalpost 0.0155935045 330 184 359 231
goalpost 0.0155874 0 0 171 421
goalpost 0.015552671 594 236 637 274
goalpost 0.015217485 532 106 640 304
goalpost 0.015041697 314 183 344 233
goalpost 0.015036676 583 227 616 278
goalpost 0.015032361 345 0 494 119
goalpost 0.015021182 0 0 412 480
goalpost 0.0149880005 134 401 201 480
goalpost 0.014982335 0 395 52 480
goalpost 0.014752791 553 358 637 480
goalpost 0.014588446 7 0 40 25
goalpost 0.0145662585 534 371 565 456
goalpost 0.014457198 607 3 633 33
goalpost 0.014388327 434 152 448 209
goalpost 0.014361742 429 196 455 244
goalpost 0.014357861 626 0 640 93
goalpost 0.014322228 433 142 447 190
goalpost 0.01431103 338 0 497 180
goalpost 0.014308608 587 0 618 19
goalpost 0.014259014 71 11 282 390
goalpost 0.014177544 117 89 192 461
goalpost 0.0141195 0 110 19 206
goalpost 0.013941742 54 302 106 480
goalpost 0.013844034 449 150 463 212
goalpost 0.013802626 168 0 200 31
goalpost 0.013763812 565 224 599 280
goalpost 0.013709032 0 355 18 461
goalpost 0.013694192 345 185 373 231
goalpost 0.013670441 151 0 185 31
goalpost 0.013658969 54 0 102 226
