goalpost 0.4679405 588 0 612 27
goalpost 0.44046262 348 0 376 170
goalpost 0.27489695 156 2 204 213
goalpost 0.2502514 595 0 623 26
goalpost 0.24751513 493 0 628 202
goalpost 0.24453898 175 9 232 258
goalpost 0.17816189 222 2 249 42
goalpost 0.17100793 133 0 171 157
goalpost 0.16036989 212 36 283 256
goalpost 0.15262978 3 0 26 74
goalpost 0.14254346 573 0 620 86
goalpost 0.14109129 129 6 261 226
goalpost 0.123064816 479 17 514 162
goalpost 0.12194233 259 0 286 45
goalpost 0.10410538 60 0 100 83
goalpost 0.09935355 332 0 431 195
goalpost 0.09312763 526 0 640 174
goalpost 0.09275541 446 93 621 420
goalpost 0.09161874 596 5 633 92
goalpost 0.09152046 325 0 370 172
goalpost 0.08890135 172 0 283 294
goalpost 0.08602992 219 0 308 215
goalpost 0.083069 504 22 555 156
goalpost 0.081719704 450 50 481 165
goalpost 0.08143482 120 23 187 270
goalpost 0.080425344 139 36 165 143
goalpost 0.08010419 372 0 454 179
goalpost 0.08006655 404 8 485 208
goalpost 0.079342864 29 9 72 69
goalpost 0.078666866 442 0 587 290
goalpost 0.07842312 88 0 235 130
goalpost 0.077318385 479 10 550 202
goalpost 0.07398712 528 39 587 190
goalpost 0.072327 280 7 369 213
goalpost 0.072233 559 294 621 402
goalpost 0.07148646 237 31 295 231
goalpost 0.07021185 196 0 229 27
goalpost 0.0698083 152 0 190 139
goalpost 0.069031164 421 61 446 170
goalpost 0.068910465 177 111 230 244
goalpost 0.068356946 218 3 258 110
goalpost 0.067229636 515 203 640 410
goalpost 0.06640292 0 67 17 98
goalpost 0.06546699 136 0 208 295
goalpost 0.06475667 546 0 580 34
goalpost 0.0645285 440 14 512 305
goalpost 0.059045605 74 0 176 176
goalpost 0.05814277 40 74 59 94
goalpost 0.057458263 97 0 131 98
goalpost 0.057449654 0 141 14 215
goalpost 0.056881525 551 25 624 170
goalpost 0.056471944 355 12 386 89
goalpost 0.055520445 584 0 640 225
goalpost 0.054968815 0 185 9 238
goalpost 0.05495777 449 0 555 179
goalpost 0.053631995 545 301 593 406
goalpost 0.05295017 534 264 589 382
goalpost 0.05233358 240 8 341 183
goalpost 0.052250557 150 0 236 369
goalpost 0.05190711 155 4 186 74
goalpost 0.05159558 308 0 395 212
goalpost 0.050281018 2 0 124 147
goalpost 0.048334535 284 7 328 198
goalpost 0.045480844 139 0 167 51
goalpost 0.045077972 372 20 414 174
goalpost 0.042664006 273 28 339 261
goalpost 0.0424605 0 111 19 201
goalpost 0.0422756 241 0 371 124
goalpost 0.040330626 297 0 415 307
goalpost 0.039916 26 40 140 216
goalpost 0.039716586 535 0 592 105
goalpost 0.039598145 526 178 582 271
goalpost 0.03931451 288 2 319 48
goalpost 0.03917726 72 73 131 292
goalpost 0.039066162 373 10 407 51
goalpost 0.038617473 256 0 293 93
goalpost 0.03826304 610 416 638 480
goalpost 0.037293985 409 0 517 161
goalpost 0.0357 116 62 269 310
goalpost 0.035402726 526 148 591 240
goalpost 0.035138402 0 0 74 182
goalpost 0.034931455 364 46 466 359
goalpost 0.034538023 179 0 318 115
goalpost 0.033952076 609 0 640 154
goalpost 0.033619683 601 25 638 215
goalpost 0.033014152 520 0 640 294
goalpost 0.03300038 361 8 429 293
goalpost 0.031950414 0 42 73 282
goalpost 0.030937724 288 0 330 107
goalpost 0.030829366 0 93 19 161
goalpost 0.030583492 164 93 213 252
goalpost 0.030456763 511 4 547 56
goalpost 0.030346839 374 0 492 119
goalpost 0.030234378 572 426 605 480
goalpost 0.029371142 103 46 136 145
goalpost 0.029324839 0 436 25 480
goalpost 0.028535804 323 11 359 66
goalpost 0.028358595 0 321 72 480
goalpost 0.028231883 479 9 511 58
goalpost 0.027952496 547 426 583 480
