goalpost 0.39371336 208 0 260 401
goalpost 0.13843764 188 0 251 371
goalpost 0.124850556 474 0 496 27
goalpost 0.099587016 465 0 487 28
goalpost 0.066337496 197 16 269 343
goalpost 0.061179187 629 0 640 43
goalpost 0.04746816 609 0 632 11
goalpost 0.047269877 486 0 508 22
goalpost 0.045116168 629 0 640 27
goalpost 0.044370797 304 0 325 20
goalpost 0.042345498 303 0 320 20
goalpost 0.041410472 0 197 16 361
goalpost 0.040553883 478 0 495 50
goalpost 0.039712857 0 137 30 434
goalpost 0.03910443 450 0 472 29
goalpost 0.038881153 524 281 552 480
goalpost 0.037884794 183 0 281 480
goalpost 0.03274717 536 272 563 480
goalpost 0.031853788 317 0 339 17
goalpost 0.03135342 0 165 16 317
goalpost 0.031251237 290 0 312 23
goalpost 0.030800736 317 0 334 14
goalpost 0.030782549 619 0 640 18
goalpost 0.030057766 591 0 616 8
goalpost 0.030035922 0 0 23 22
goalpost 0.029722232 429 13 457 68
goalpost 0.029616224 90 244 129 480
goalpost 0.027508443 0 164 19 389
goalpost 0.02675644 68 341 109 480
goalpost 0.026526712 12 346 86 480
goalpost 0.026133135 288 0 305 28
goalpost 0.026126692 181 0 240 292
goalpost 0.02611341 0 322 107 480
goalpost 0.025911413 440 11 469 66
goalpost 0.025626866 458 1 487 49
goalpost 0.025598044 302 3 325 34
goalpost 0.025181102 608 0 627 14
goalpost 0.025034819 0 172 36 397
goalpost 0.024979455 78 187 138 480
goalpost 0.024968853 57 299 110 480
goalpost 0.024922732 531 302 568 475
goalpost 0.024500959 433 0 456 27
goalpost 0.02414503 189 45 263 480
goalpost 0.023970336 0 334 48 480
goalpost 0.023772337 0 196 19 314
goalpost 0.023349825 402 71 565 252
goalpost 0.023130085 200 0 231 273
goalpost 0.022695616 10 0 37 17
goalpost 0.02255231 573 0 599 9
goalpost 0.02246799 448 0 466 35
goalpost 0.022200298 2 92 12 207
goalpost 0.02201212 242 300 371 480
goalpost 0.021920113 0 63 32 371
goalpost 0.021704353 288 1 312 38
goalpost 0.021282488 188 0 230 231
goalpost 0.021121988 330 0 354 16
goalpost 0.021083016 45 229 120 480
goalpost 0.021015964 504 0 527 18
goalpost 0.02092154 619 230 640 470
goalpost 0.020468507 471 3 500 46
goalpost 0.019921543 555 0 583 11
goalpost 0.019870332 207 0 264 279
goalpost 0.019811764 74 303 103 480
goalpost 0.019754112 1 61 15 183
goalpost 0.01966585 479 0 495 37
goalpost 0.019517163 268 325 343 480
goalpost 0.019297544 332 0 350 12
goalpost 0.019173507 540 233 576 480
goalpost 0.018847963 43 340 119 480
goalpost 0.018846523 212 68 265 362
goalpost 0.018764632 99 191 139 253
goalpost 0.01862302 25 0 54 15
goalpost 0.018615982 0 21 16 162
goalpost 0.018459374 179 0 273 254
goalpost 0.01845827 298 7 326 50
goalpost 0.018392224 0 424 31 474
goalpost 0.018154986 415 0 440 23
goalpost 0.018154548 438 184 473 260
goalpost 0.018088657 272 320 397 480
goalpost 0.017984206 284 5 312 53
goalpost 0.01796319 0 52 40 466
goalpost 0.017910065 495 0 509 48
goalpost 0.017731713 473 0 606 250
goalpost 0.017668549 448 2 471 43
goalpost 0.017658662 612 4 624 41
goalpost 0.017641438 609 131 640 406
goalpost 0.017599912 518 280 557 453
goalpost 0.017544907 610 6 633 20
goalpost 0.017483082 167 0 282 480
goalpost 0.01745335 428 0 504 39
goalpost 0.017426752 0 184 19 274
goalpost 0.017421428 0 110 14 189
goalpost 0.01715986 265 6 292 204
goalpost 0.017154137 526 314 547 480
goalpost 0.017111763 298 328 373 480
goalpost 0.017106231 455 13 487 60
goalpost 0.017020065 346 0 371 17
goalpost 0.01693186 94 0 112 57
goalpost 0.016920926 88 295 115 480
goalpost 0.016854677 448 191 494 255
