goalpost 0.22675437 25 4 71 102
goalpost 0.16828871 0 122 20 174
goalpost 0.15078427 477 0 519 174
goalpost 0.14952391 430 28 521 299
goalpost 0.13571818 39 130 70 166
goalpost 0.1300279 65 170 84 226
goalpost 0.12513015 481 0 583 222
goalpost 0.124794155 526 13 587 163
goalpost 0.12365519 0 168 15 230
goalpost 0.121395476 466 0 614 334
goalpost 0.11141057 447 0 484 169
goalpost 0.10990685 40 171 63 226
goalpost 0.1092328 382 124 402 166
goalpost 0.10369764 41 145 72 202
goalpost 0.10074093 287 139 331 245
goalpost 0.09919657 551 0 580 29
goalpost 0.09879636 128 147 155 197
goalpost 0.086901516 498 15 553 191
goalpost 0.08475838 184 135 223 223
goalpost 0.084668234 308 135 356 236
goalpost 0.08403628 419 13 457 152
goalpost 0.082546845 465 0 550 271
goalpost 0.08025277 1 6 32 105
goalpost 0.08018775 0 147 21 206
goalpost 0.07835201 569 0 609 159
goalpost 0.07738505 392 0 467 204
goalpost 0.07448195 486 5 517 51
goalpost 0.07278791 273 0 352 122
goalpost 0.07036473 386 0 544 349
goalpost 0.069767006 56 137 83 161
goalpost 0.06964845 505 0 533 22
goalpost 0.06627675 142 0 224 124
goalpost 0.06592772 520 87 623 449
goalpost 0.06543647 155 134 196 163
goalpost 0.06379297 533 1 639 203
goalpost 0.062622905 377 136 410 227
goalpost 0.062478054 95 152 124 199
goalpost 0.062100846 569 10 608 38
goalpost 0.06070951 186 134 222 173
goalpost 0.06012436 292 142 327 204
goalpost 0.0592589 59 148 86 204
goalpost 0.05841782 608 17 640 99
goalpost 0.058339093 602 6 640 165
goalpost 0.057784606 156 142 199 210
goalpost 0.0568299 615 231 637 377
goalpost 0.055588666 390 114 579 334
goalpost 0.055080824 605 149 639 285
goalpost 0.054552972 1 387 27 480
goalpost 0.054136924 610 407 637 480
goalpost 0.053690348 382 148 420 250
goalpost 0.053500652 294 91 324 132
goalpost 0.053018786 354 88 552 423
goalpost 0.05261018 576 0 640 201
goalpost 0.052589465 130 138 157 163
goalpost 0.052318737 447 38 496 244
goalpost 0.052268516 608 187 640 351
goalpost 0.051831063 373 37 483 334
goalpost 0.050948933 192 0 288 199
goalpost 0.05080852 0 199 13 249
goalpost 0.050628245 236 0 337 190
goalpost 0.050521307 0 9 27 53
goalpost 0.049940284 602 270 639 480
goalpost 0.04975255 132 163 153 227
goalpost 0.04938007 336 0 430 173
goalpost 0.049350284 66 0 183 153
goalpost 0.04914475 396 142 490 309
goalpost 0.047029056 99 169 122 228
goalpost 0.046762336 31 7 64 50
goalpost 0.046621837 266 0 373 177
goalpost 0.046117846 472 0 618 151
goalpost 0.046061058 246 98 369 259
goalpost 0.045455392 293 121 405 297
goalpost 0.042363033 414 0 450 114
goalpost 0.041333392 7 0 135 158
goalpost 0.040641014 572 29 640 406
goalpost 0.04044992 0 0 83 175
goalpost 0.03979231 0 77 22 149
goalpost 0.039744962 175 108 315 266
goalpost 0.03934523 143 0 255 204
goalpost 0.039339952 423 0 487 237
goalpost 0.03876842 0 64 96 306
goalpost 0.03865454 392 0 513 140
goalpost 0.03681969 455 4 485 38
goalpost 0.03583573 355 130 386 177
goalpost 0.035829257 336 93 485 263
goalpost 0.035426077 587 0 640 125
goalpost 0.034313157 161 99 198 131
goalpost 0.03383614 544 1 585 110
goalpost 0.033834208 318 84 353 128
goalpost 0.033658415 106 0 220 192
goalpost 0.0336359 0 315 21 480
goalpost 0.033160724 218 139 252 171
goalpost 0.03315148 172 0 333 149
goalpost 0.032920897 61 108 187 273
goalpost 0.032333367 167 164 196 229
goalpost 0.031680096 0 293 142 480
goalpost 0.03167201 255 142 300 238
goalpost 0.031023627 350 76 430 296
goalpost 0.030822422 384 0 426 116
goalpost 0.030515622 249 0 313 125
