goalpost 0.87628675 193 0 247 77
goalpost 0.13459405 203 0 264 64
goalpost 0.07336454 291 0 331 58
goalpost 0.072657175 188 2 233 69
goalpost 0.0701695 427 0 456 8
goalpost 0.064080745 10 32 91 136
goalpost 0.0599991 293 0 330 24
goalpost 0.056917526 629 3 640 55
goalpost 0.053506255 231 0 300 52
goalpost 0.050758254 310 0 341 14
goalpost 0.04777432 411 0 441 9
goalpost 0.046468258 0 130 15 264
goalpost 0.0460666 440 0 470 8
goalpost 0.04356652 194 0 243 95
goalpost 0.04326538 196 0 241 57
goalpost 0.04302187 278 0 320 61
goalpost 0.039212495 270 0 331 47
goalpost 0.038134165 180 5 239 88
goalpost 0.03772323 329 0 356 8
goalpost 0.03679021 11 8 94 92
goalpost 0.035342697 43 17 112 150
goalpost 0.033922523 158 0 215 69
goalpost 0.032815464 0 24 51 145
goalpost 0.032571986 18 0 90 56
goalpost 0.031891625 211 0 243 58
goalpost 0.03124918 395 0 425 11
goalpost 0.030605886 627 0 640 44
goalpost 0.030602297 620 0 640 29
goalpost 0.030219499 0 152 18 243
goalpost 0.029379478 160 0 227 96
goalpost 0.029322231 53 58 91 146
goalpost 0.02906783 0 163 15 311
goalpost 0.028964486 40 53 102 148
goalpost 0.028742738 197 0 272 91
goalpost 0.028722292 551 362 631 480
goalpost 0.028311608 595 344 640 480
goalpost 0.02693813 0 115 19 332
goalpost 0.026821956 345 0 372 8
goalpost 0.026790373 36 0 117 55
goalpost 0.026601145 529 329 583 480
goalpost 0.026444478 278 0 640 480
goalpost 0.025699364 489 307 521 401
goalpost 0.02532619 280 0 318 28
goalpost 0.025257565 238 181 287 313
goalpost 0.024819916 0 110 16 214
goalpost 0.024772275 281 0 338 66
goalpost 0.024278322 0 422 25 476
goalpost 0.02427333 29 3 119 91
goalpost 0.02350079 294 7 328 81
goalpost 0.023315204 465 409 480 472
goalpost 0.023312988 624 348 640 467
goalpost 0.0231731 502 308 534 404
goalpost 0.022902645 608 0 634 21
goalpost 0.02290196 606 0 640 287
goalpost 0.022654695 446 0 464 28
goalpost 0.02258561 375 0 433 474
goalpost 0.022537561 0 204 14 329
goalpost 0.022509173 298 0 324 29
goalpost 0.022322966 626 5 639 105
goalpost 0.022299387 307 2 342 46
goalpost 0.022193618 308 1 340 27
goalpost 0.021928001 0 168 19 286
goalpost 0.02164492 594 7 640 185
goalpost 0.021609006 620 5 640 38
goalpost 0.021460475 87 0 227 91
goalpost 0.021293601 70 294 108 386
goalpost 0.02122269 29 0 165 89
goalpost 0.021148594 73 255 102 462
goalpost 0.021087872 0 11 62 116
goalpost 0.021069739 402 0 459 461
goalpost 0.0210224 607 0 628 27
goalpost 0.02096656 454 0 484 9
goalpost 0.020965176 85 293 122 387
goalpost 0.02090029 464 393 479 458
goalpost 0.020801675 0 0 23 25
goalpost 0.020798983 390 26 471 391
goalpost 0.02065001 378 0 408 12
goalpost 0.020550104 0 409 19 478
goalpost 0.020368446 262 69 298 157
goalpost 0.02031515 217 13 257 69
goalpost 0.020075973 183 0 292 169
goalpost 0.019999364 268 0 327 78
goalpost 0.019922432 507 327 529 430
goalpost 0.019902047 428 0 450 5
goalpost 0.019623375 578 362 640 480
goalpost 0.019618133 376 18 412 59
goalpost 0.019556778 0 222 17 313
goalpost 0.019484289 287 0 319 101
goalpost 0.019459428 463 0 480 37
goalpost 0.019383254 303 0 357 39
goalpost 0.01927002 0 0 109 104
goalpost 0.01920422 443 0 464 2
goalpost 0.019082872 2 62 30 282
goalpost 0.01906618 71 295 131 394
goalpost 0.01900608 0 9 106 173
goalpost 0.018903103 425 0 458 14
goalpost 0.018791396 374 27 413 76
goalpost 0.018741943 69 0 106 71
goalpost 0.018708497 361 0 389 10
goalpost 0.018659271 132 0 251 480
