goalpost 0.9070195 283 10 370 404
goalpost 0.11197848 290 0 403 462
goalpost 0.103373356 28 0 52 32
goalpost 0.10139777 34 0 48 55
goalpost 0.07124039 22 0 44 28
goalpost 0.05314291 630 114 639 197
goalpost 0.050550826 301 48 386 385
goalpost 0.04153557 630 97 640 179
goalpost 0.040436 291 0 384 297
goalpost 0.039781325 489 202 517 308
goalpost 0.038160086 452 391 491 480
goalpost 0.03799033 18 0 39 33
goalpost 0.037952114 629 121 639 228
goalpost 0.035692744 493 183 514 325
goalpost 0.03487609 275 80 344 424
goalpost 0.03442403 266 0 350 384
goalpost 0.032542687 627 258 640 383
goalpost 0.032214787 590 425 640 478
goalpost 0.03187881 404 389 442 480
goalpost 0.031613827 628 134 639 259
goalpost 0.030303793 55 175 103 373
goalpost 0.030221196 379 388 438 480
goalpost 0.029341076 307 0 370 307
goalpost 0.028332133 268 0 422 384
goalpost 0.027927544 170 34 196 287
goalpost 0.02774513 408 3 440 82
goalpost 0.02764592 317 0 392 365
goalpost 0.027363047 629 71 640 155
goalpost 0.027222449 440 399 500 480
goalpost 0.026909156 426 390 486 480
goalpost 0.026784988 3 0 28 25
goalpost 0.025947342 331 0 395 292
goalpost 0.024149869 628 0 640 64
goalpost 0.02410869 239 0 259 18
goalpost 0.024077352 254 0 275 17
goalpost 0.023994934 222 0 245 20
goalpost 0.023586499 29 0 51 61
goalpost 0.02348899 573 121 595 171
goalpost 0.023476353 0 0 22 33
goalpost 0.023288094 407 366 438 470
goalpost 0.02315073 174 69 192 259
goalpost 0.022709606 626 231 640 348
goalpost 0.022287162 269 0 291 16
goalpost 0.022188686 585 403 640 480
goalpost 0.021262122 393 383 452 477
goalpost 0.021244943 489 131 518 325
goalpost 0.020723496 34 0 61 29
goalpost 0.020697933 558 126 587 167
goalpost 0.02057113 523 120 548 181
goalpost 0.020500796 0 361 50 475
goalpost 0.020177275 0 0 15 140
goalpost 0.019887172 591 366 640 480
goalpost 0.019852849 61 98 99 363
goalpost 0.019818164 229 0 422 423
goalpost 0.019721158 310 107 389 455
goalpost 0.019635506 361 383 390 480
goalpost 0.01955289 483 226 522 301
goalpost 0.019379018 519 400 587 480
goalpost 0.01937179 408 389 469 480
goalpost 0.019356832 624 268 640 424
goalpost 0.019084832 490 182 517 362
goalpost 0.018629404 577 423 628 477
goalpost 0.018518627 422 1 456 83
goalpost 0.018474631 622 127 639 180
goalpost 0.018474426 344 0 531 381
goalpost 0.018430656 203 0 232 23
goalpost 0.018388677 7 375 71 478
goalpost 0.018334998 559 117 586 157
goalpost 0.018314458 577 115 592 182
goalpost 0.018255318 626 165 640 295
goalpost 0.018085176 553 365 635 480
goalpost 0.018045954 389 399 428 480
goalpost 0.018032575 0 328 39 473
goalpost 0.017855326 619 0 640 28
goalpost 0.017717019 628 35 640 122
goalpost 0.017594678 303 6 373 236
goalpost 0.017486826 32 0 49 114
goalpost 0.017473582 54 47 107 429
goalpost 0.017336467 385 359 433 478
goalpost 0.017277574 524 87 548 128
goalpost 0.017182354 446 362 494 476
goalpost 0.017084613 344 388 406 480
goalpost 0.01689362 256 0 370 480
goalpost 0.016704287 283 0 307 16
goalpost 0.016515864 557 98 585 134
goalpost 0.016446881 559 109 585 145
goalpost 0.016445378 454 366 487 466
goalpost 0.016218873 297 101 364 457
goalpost 0.016139397 595 320 640 480
goalpost 0.01609697 606 433 640 480
goalpost 0.016021704 476 197 530 296
goalpost 0.015843838 399 391 447 480
goalpost 0.015822044 524 74 548 117
goalpost 0.015812773 489 174 518 286
goalpost 0.0156335 410 20 437 95
goalpost 0.015433622 284 0 404 236
goalpost 0.015431129 468 146 518 312
goalpost 0.015283955 328 0 408 61
goalpost 0.015151726 529 73 543 137
goalpost 0.01512319 63 200 96 440
