goalpost 0.46382737 576 127 608 234
goalpost 0.23346546 62 0 102 26
goalpost 0.23226227 191 90 226 154
goalpost 0.20630217 0 0 89 218
goalpost 0.17821656 64 26 110 210
goalpost 0.17814238 512 57 545 112
goalpost 0.14833277 545 129 577 228
goalpost 0.13816617 81 52 120 188
goalpost 0.13622497 216 94 254 149
goalpost 0.13034314 247 0 303 73
goalpost 0.12939891 502 0 557 101
goalpost 0.120619364 52 3 114 108
goalpost 0.10031178 0 36 16 353
goalpost 0.09704814 606 168 639 349
goalpost 0.09433838 598 131 623 238
goalpost 0.09163726 466 0 531 97
goalpost 0.09123805 535 0 640 150
goalpost 0.089861184 363 0 442 84
goalpost 0.08925251 496 0 616 197
goalpost 0.08668874 153 0 184 56
goalpost 0.084267154 221 105 250 169
goalpost 0.082535885 35 6 159 161
goalpost 0.079643436 353 72 392 95
goalpost 0.07832486 349 107 394 173
goalpost 0.077666216 482 62 518 108
goalpost 0.07379327 250 103 279 136
goalpost 0.072583415 586 69 640 267
goalpost 0.071087964 69 111 110 254
goalpost 0.07075399 81 2 121 29
goalpost 0.07073736 370 106 425 181
goalpost 0.069497764 0 0 65 338
goalpost 0.06864497 569 1 627 109
goalpost 0.06835984 253 77 288 101
goalpost 0.06818777 379 68 417 93
goalpost 0.065021545 567 158 632 332
goalpost 0.063797355 33 0 73 17
goalpost 0.062252138 554 20 640 266
goalpost 0.061747946 382 0 581 133
goalpost 0.06110699 397 0 472 86
goalpost 0.059308365 575 145 623 269
goalpost 0.05732415 268 0 334 77
goalpost 0.05704042 607 290 640 480
goalpost 0.055604342 439 0 505 90
goalpost 0.055285808 393 0 515 180
goalpost 0.055043295 516 78 607 311
goalpost 0.05492386 526 131 550 217
goalpost 0.054035425 448 62 484 106
goalpost 0.052522935 520 75 640 275
goalpost 0.051969487 253 108 279 178
goalpost 0.051364906 310 0 469 136
goalpost 0.04910811 495 0 640 124
goalpost 0.04878701 602 167 631 292
goalpost 0.048158944 227 0 317 187
goalpost 0.048065815 237 0 420 136
goalpost 0.047911264 415 69 448 102
goalpost 0.04761433 516 92 544 127
goalpost 0.047458652 76 0 126 111
goalpost 0.047366645 348 95 392 134
goalpost 0.047349423 0 15 28 60
goalpost 0.04719092 580 30 640 188
goalpost 0.046792746 24 4 123 305
goalpost 0.046678726 221 1 270 74
goalpost 0.04553501 406 113 456 184
goalpost 0.0453068 127 0 220 213
goalpost 0.045138314 258 142 277 195
goalpost 0.04513626 611 429 637 480
goalpost 0.04509124 288 80 320 99
goalpost 0.044782117 287 112 314 179
goalpost 0.04389523 78 0 225 131
goalpost 0.043655343 559 115 640 460
goalpost 0.0433917 599 0 636 76
goalpost 0.04330045 228 145 249 196
goalpost 0.042149097 448 89 565 269
goalpost 0.041954104 590 109 640 304
goalpost 0.041639432 530 0 596 103
goalpost 0.041603345 193 134 216 184
goalpost 0.04134758 581 43 620 124
goalpost 0.0411843 169 88 204 160
goalpost 0.04113012 272 0 381 180
goalpost 0.041070443 89 107 129 248
goalpost 0.040645793 137 0 171 49
goalpost 0.040595837 367 41 540 191
goalpost 0.039525237 325 107 358 177
goalpost 0.0394643 528 29 632 357
goalpost 0.039459668 549 147 614 357
goalpost 0.037837334 322 79 355 97
goalpost 0.03563833 138 13 242 296
goalpost 0.035496265 412 96 455 138
goalpost 0.03535751 543 98 576 132
goalpost 0.035180215 485 136 509 209
goalpost 0.03403755 286 104 316 128
goalpost 0.034035563 418 50 611 199
goalpost 0.034032673 87 0 171 312
goalpost 0.03342289 539 54 585 124
goalpost 0.03337275 607 142 640 470
goalpost 0.03278555 306 1 375 82
goalpost 0.032769065 457 200 473 219
goalpost 0.032475892 570 322 640 480
goalpost 0.032407403 446 0 556 227
