goalpost 0.6341219 127 21 258 359
goalpost 0.08842321 124 1 229 299
goalpost 0.05643793 630 0 639 63
goalpost 0.038029615 111 0 285 360
goalpost 0.035790738 119 0 238 454
goalpost 0.032332566 628 0 640 45
goalpost 0.031193782 139 0 215 347
goalpost 0.03073643 575 0 640 480
goalpost 0.030461187 89 0 211 232
goalpost 0.030218856 176 52 259 387
goalpost 0.028448842 559 46 640 465
goalpost 0.025089892 620 0 640 30
goalpost 0.024332091 154 0 275 474
goalpost 0.023739934 151 0 244 404
goalpost 0.023439648 520 291 553 375
goalpost 0.022120059 310 411 347 480
goalpost 0.021143451 138 89 224 342
goalpost 0.020955406 6 343 86 480
goalpost 0.020921115 0 306 97 480
goalpost 0.020902941 0 123 18 162
goalpost 0.020861207 140 0 270 270
goalpost 0.020607349 0 0 210 359
goalpost 0.020532371 58 0 179 201
goalpost 0.020397117 481 0 640 376
goalpost 0.020355357 607 0 631 22
goalpost 0.02026673 629 0 639 99
goalpost 0.020237638 120 0 199 363
goalpost 0.02013338 384 52 399 220
goalpost 0.019912003 0 112 19 152
goalpost 0.019152064 58 52 326 401
goalpost 0.018741842 141 11 342 377
goalpost 0.018161032 547 9 640 339
goalpost 0.017949685 0 329 52 480
goalpost 0.017785612 0 140 19 184
goalpost 0.017706558 509 0 583 388
goalpost 0.01769027 0 231 102 480
goalpost 0.017469652 136 19 219 243
goalpost 0.017199825 327 38 602 420
goalpost 0.017144138 2 107 13 184
goalpost 0.017066086 540 91 640 362
goalpost 0.016902879 95 6 144 135
goalpost 0.016802724 588 0 612 22
goalpost 0.016594501 620 0 640 42
goalpost 0.016566386 109 0 188 196
goalpost 0.016557926 141 46 301 480
goalpost 0.016516669 628 20 639 128
goalpost 0.016430773 375 0 550 311
goalpost 0.016418004 0 109 15 167
goalpost 0.016285498 0 0 534 476
goalpost 0.016204346 0 98 19 140
goalpost 0.016175143 379 16 404 257
goalpost 0.016120669 0 0 25 28
goalpost 0.0161002 0 198 20 274
goalpost 0.01605308 515 0 640 480
goalpost 0.015873061 0 128 15 185
goalpost 0.015766991 0 182 16 309
goalpost 0.015755208 194 0 640 478
goalpost 0.015734717 482 2 640 480
goalpost 0.0157126 303 0 640 480
goalpost 0.01569534 1 165 15 265
goalpost 0.015685417 0 316 83 480
goalpost 0.015639465 325 410 361 480
goalpost 0.015363487 0 150 21 197
goalpost 0.015321074 105 0 136 174
goalpost 0.0152739035 56 0 314 261
goalpost 0.0152598815 213 340 250 415
goalpost 0.014983377 552 0 585 23
goalpost 0.014881149 23 120 57 161
goalpost 0.014848777 2 80 14 167
goalpost 0.014844035 569 0 640 324
goalpost 0.014767596 55 296 106 480
goalpost 0.014585752 66 352 109 480
goalpost 0.014576775 145 133 267 380
goalpost 0.014413152 569 0 601 21
goalpost 0.014411247 23 0 56 23
goalpost 0.014347749 1 143 15 235
goalpost 0.014277867 9 285 38 480
goalpost 0.014238164 365 0 640 480
goalpost 0.0142379375 0 183 18 246
goalpost 0.0141518675 78 3 153 171
goalpost 0.014123689 106 45 218 341
goalpost 0.014080219 0 0 334 480
goalpost 0.014005155 38 12 244 408
goalpost 0.01399603 38 0 72 22
goalpost 0.013947386 587 8 612 69
goalpost 0.013934702 0 143 17 211
goalpost 0.013922547 102 11 138 106
goalpost 0.0138807 177 58 320 314
goalpost 0.013866106 0 307 18 452
goalpost 0.013857281 624 193 640 317
goalpost 0.013815171 522 302 550 401
goalpost 0.013801268 0 83 20 128
goalpost 0.013772528 233 0 405 308
goalpost 0.013718416 576 0 592 74
goalpost 0.013706259 626 43 640 151
goalpost 0.013704314 434 34 640 422
goalpost 0.013613162 44 204 124 480
goalpost 0.0135739185 7 0 39 23
goalpost 0.013397255 0 76 16 142
goalpost 0.013356141 573 122 640 480
