goalpost 0.46742198 586 0 611 19
goalpost 0.28864294 595 9 629 28
goalpost 0.27484977 256 204 287 299
goalpost 0.23148483 448 0 485 260
goalpost 0.20916453 447 5 479 37
goalpost 0.20624366 601 25 639 240
goalpost 0.18898527 434 0 512 219
goalpost 0.18385579 628 281 640 356
goalpost 0.17822222 433 0 568 341
goalpost 0.17425103 271 22 303 179
goalpost 0.1734494 26 0 71 19
goalpost 0.17120458 499 11 569 227
goalpost 0.16561869 510 8 551 190
goalpost 0.15845862 433 0 453 27
goalpost 0.15563057 426 0 494 354
goalpost 0.13924034 0 224 16 263
goalpost 0.13392718 448 0 524 378
goalpost 0.12279244 447 19 489 151
goalpost 0.11133781 553 0 576 23
goalpost 0.1087375 483 0 553 273
goalpost 0.10667741 66 222 101 298
goalpost 0.1048322 541 7 618 221
goalpost 0.10145859 0 13 31 42
goalpost 0.09440966 150 0 195 19
goalpost 0.091859564 489 0 640 354
goalpost 0.09159306 0 0 67 194
goalpost 0.09144999 1 234 19 310
goalpost 0.090115376 170 1 258 195
goalpost 0.08606532 262 0 289 19
goalpost 0.08519989 92 220 121 302
goalpost 0.076728955 193 5 229 24
goalpost 0.076602034 2 12 21 189
goalpost 0.07388245 224 3 254 22
goalpost 0.07383146 455 87 578 456
goalpost 0.07103055 87 0 181 186
goalpost 0.069563895 455 0 586 199
goalpost 0.06902048 349 146 535 478
goalpost 0.068985514 577 33 626 209
goalpost 0.06819154 283 5 320 18
goalpost 0.06786775 472 5 509 32
goalpost 0.06618343 70 222 98 269
goalpost 0.062253926 571 0 640 211
goalpost 0.05995651 233 6 315 198
goalpost 0.059683263 536 55 591 273
goalpost 0.058873214 418 0 457 218
goalpost 0.058469042 379 41 430 279
goalpost 0.057880502 35 230 69 294
goalpost 0.057612523 390 0 413 17
goalpost 0.05675611 0 196 13 233
goalpost 0.055512965 320 2 347 15
goalpost 0.055421155 309 1 382 207
goalpost 0.055387568 519 8 545 39
goalpost 0.054630347 46 11 142 185
goalpost 0.054041874 583 33 640 269
goalpost 0.053758863 345 26 424 203
goalpost 0.053708438 582 26 620 146
goalpost 0.053305503 362 1 388 14
goalpost 0.05265731 268 192 390 365
goalpost 0.05220729 209 29 270 248
goalpost 0.05173451 128 0 173 22
goalpost 0.04983722 535 5 575 218
goalpost 0.049547117 403 34 463 329
goalpost 0.048756216 405 9 546 173
goalpost 0.04871281 259 30 347 199
goalpost 0.04649288 39 0 201 121
goalpost 0.04556234 133 3 262 123
goalpost 0.04529849 226 204 269 303
goalpost 0.044838745 561 59 640 387
goalpost 0.043995656 616 146 640 263
goalpost 0.043592956 509 16 601 353
goalpost 0.04277383 544 0 639 128
goalpost 0.041451085 51 3 106 23
goalpost 0.04093076 609 0 640 302
goalpost 0.03909174 226 99 297 357
goalpost 0.03869144 400 95 483 393
goalpost 0.037680633 391 17 420 168
goalpost 0.03702614 474 0 580 117
goalpost 0.036992442 246 159 367 318
goalpost 0.036591172 12 1 93 218
goalpost 0.03653586 632 0 640 124
goalpost 0.034656156 398 196 596 479
goalpost 0.03442054 543 24 578 136
goalpost 0.03413185 346 84 419 371
goalpost 0.034001265 257 0 390 120
goalpost 0.03324144 458 18 515 129
goalpost 0.03304826 374 107 448 394
goalpost 0.032479625 34 225 63 256
goalpost 0.030404465 587 198 640 480
goalpost 0.030341644 174 0 309 127
goalpost 0.02990817 427 14 463 128
goalpost 0.029400466 619 210 640 318
goalpost 0.029352602 321 0 437 119
goalpost 0.028257495 127 211 165 286
goalpost 0.027890481 200 129 270 470
goalpost 0.027695702 226 35 256 200
goalpost 0.027636921 31 25 66 134
goalpost 0.027607145 466 118 519 301
goalpost 0.027453665 96 1 136 22
goalpost 0.02737011 555 0 639 330
goalpost 0.027173324 608 13 640 232
