goalpost 0.47713602 226 151 249 219
goalpost 0.35357568 402 0 448 308
goalpost 0.3135317 380 0 430 337
goalpost 0.2667367 387 0 473 218
goalpost 0.25279838 33 0 69 23
goalpost 0.25245824 358 0 456 366
goalpost 0.25124696 0 0 88 221
goalpost 0.24426728 3 32 33 361
goalpost 0.23303428 66 163 94 287
goalpost 0.21612668 67 247 96 341
goalpost 0.2157163 62 223 106 388
goalpost 0.19413847 446 30 481 215
goalpost 0.18840377 343 29 420 343
goalpost 0.17389269 383 8 419 148
goalpost 0.16935858 20 7 69 186
goalpost 0.16084756 0 0 59 351
goalpost 0.14381982 326 20 353 152
goalpost 0.14318688 54 18 91 157
goalpost 0.13199061 359 0 394 177
goalpost 0.12402686 62 287 111 414
goalpost 0.11822645 489 34 517 95
goalpost 0.11723785 56 0 86 23
goalpost 0.11490784 484 45 509 153
goalpost 0.11487382 1 147 24 373
goalpost 0.11259528 554 80 583 213
goalpost 0.11132284 252 6 277 95
goalpost 0.10832558 403 4 445 164
goalpost 0.10668789 75 217 126 422
goalpost 0.105957545 551 45 575 86
goalpost 0.10149062 0 9 44 166
goalpost 0.10129632 220 4 242 24
goalpost 0.100278094 480 58 503 180
goalpost 0.09908313 0 14 35 76
goalpost 0.093633406 354 13 402 245
goalpost 0.093486466 53 1 99 99
goalpost 0.090622135 426 0 573 178
goalpost 0.08959332 436 11 530 224
goalpost 0.088736005 412 17 445 59
goalpost 0.08499144 414 4 480 301
goalpost 0.08450087 553 49 577 111
goalpost 0.081684336 59 117 92 262
goalpost 0.08115889 359 0 436 212
goalpost 0.081154265 386 14 421 77
goalpost 0.07588074 623 61 640 175
goalpost 0.074090004 205 2 226 29
goalpost 0.06346381 0 154 61 480
goalpost 0.06292217 221 133 330 350
goalpost 0.061699074 438 7 480 98
goalpost 0.061202146 445 10 472 39
goalpost 0.061012894 329 0 345 98
goalpost 0.060612556 0 0 120 370
goalpost 0.06025873 223 107 252 232
goalpost 0.058430813 194 3 226 102
goalpost 0.056544524 299 33 437 256
goalpost 0.055444527 367 0 397 118
goalpost 0.054789282 1 0 151 141
goalpost 0.05377125 303 61 378 373
goalpost 0.052065916 164 63 255 405
goalpost 0.051669642 612 15 640 52
goalpost 0.05026096 224 163 265 292
goalpost 0.049978677 507 67 537 146
goalpost 0.049974483 394 33 521 272
goalpost 0.04974496 329 64 358 187
goalpost 0.04926555 33 96 138 419
goalpost 0.04919927 184 49 229 142
goalpost 0.046816304 364 0 391 56
goalpost 0.046059635 25 0 114 243
goalpost 0.04593872 91 161 112 274
goalpost 0.045661364 519 45 609 214
goalpost 0.04334437 18 151 109 480
goalpost 0.042230275 194 112 294 390
goalpost 0.04187632 595 0 640 187
goalpost 0.04100678 0 195 103 418
goalpost 0.04025595 509 44 538 78
goalpost 0.040035646 228 183 258 334
goalpost 0.03940191 502 78 567 375
goalpost 0.0390396 22 113 75 280
goalpost 0.038789567 563 73 593 185
goalpost 0.037898928 257 7 273 47
goalpost 0.037557673 514 79 548 181
goalpost 0.037497304 25 218 120 415
goalpost 0.03714428 330 0 346 47
goalpost 0.03683879 167 5 187 29
goalpost 0.03680072 568 13 610 43
goalpost 0.036511067 277 171 398 367
goalpost 0.036340237 401 68 461 402
goalpost 0.03630276 489 9 516 32
goalpost 0.035112128 396 108 508 452
goalpost 0.03474704 225 6 259 95
goalpost 0.03387927 83 55 127 146
goalpost 0.033777498 380 72 445 466
goalpost 0.033363365 93 16 114 84
goalpost 0.033075422 140 4 156 29
goalpost 0.03294031 74 25 187 218
goalpost 0.032482326 317 0 477 175
goalpost 0.03246712 0 257 75 480
goalpost 0.03224828 513 32 584 320
goalpost 0.030187996 1 313 21 435
goalpost 0.02965312 466 364 611 480
goalpost 0.029398428 619 41 639 125
