goalpost 0.63989496 94 0 298 326
goalpost 0.37050462 26 17 260 344
goalpost 0.2378842 137 2 278 248
goalpost 0.1927481 413 11 451 98
goalpost 0.18102701 258 0 282 22
goalpost 0.16112182 39 0 330 214
goalpost 0.14834103 125 0 220 256
goalpost 0.14773428 154 0 240 348
goalpost 0.13916877 208 32 270 298
goalpost 0.13010608 333 44 346 70
goalpost 0.12616684 0 0 162 361
goalpost 0.123586774 250 32 292 210
goalpost 0.11283163 563 0 613 13
goalpost 0.112309165 33 0 57 37
goalpost 0.111189604 362 42 378 71
goalpost 0.109522685 613 16 640 41
goalpost 0.10412567 225 2 255 28
goalpost 0.09870888 418 3 449 37
goalpost 0.09746692 194 0 220 25
goalpost 0.097213395 69 0 89 34
goalpost 0.09667364 51 0 193 287
goalpost 0.09038673 6 0 24 42
goalpost 0.086355254 549 1 588 14
goalpost 0.08554626 162 0 187 33
goalpost 0.08000767 382 0 472 201
goalpost 0.07942763 175 22 239 252
goalpost 0.0724034 139 0 159 26
goalpost 0.07232937 98 0 175 222
goalpost 0.07206741 327 51 342 87
goalpost 0.070793346 105 0 124 23
goalpost 0.0697617 181 0 314 370
goalpost 0.069639705 287 40 317 168
goalpost 0.06463256 215 3 261 104
goalpost 0.06347704 138 0 390 149
goalpost 0.063010015 613 35 640 222
goalpost 0.058808897 150 31 205 278
goalpost 0.05719873 56 111 334 403
goalpost 0.05629664 406 97 445 185
goalpost 0.055581305 11 0 106 220
goalpost 0.055454426 435 1 474 22
goalpost 0.05483862 286 3 310 22
goalpost 0.0548378 360 51 374 79
goalpost 0.05358442 609 214 637 465
goalpost 0.05274091 183 0 235 102
goalpost 0.051842526 320 60 345 159
goalpost 0.051795535 2 0 22 95
goalpost 0.051440638 471 0 509 18
goalpost 0.05072767 581 0 640 190
goalpost 0.04979843 351 2 442 181
goalpost 0.049788583 611 246 638 308
goalpost 0.049304277 78 252 143 340
goalpost 0.049039267 241 37 305 283
goalpost 0.04792674 0 157 157 392
goalpost 0.04759419 48 0 118 181
goalpost 0.047487456 226 0 344 135
goalpost 0.047428533 394 18 434 91
goalpost 0.046656955 180 164 236 284
goalpost 0.04560329 211 160 271 294
goalpost 0.045361746 155 190 200 304
goalpost 0.045271784 614 185 639 242
goalpost 0.04512124 250 10 290 101
goalpost 0.045116246 118 256 169 349
goalpost 0.044643138 0 0 70 204
goalpost 0.04463534 457 0 566 105
goalpost 0.04430353 0 83 109 352
goalpost 0.043675974 531 11 640 200
goalpost 0.043605313 358 4 379 22
goalpost 0.043200944 382 98 425 226
goalpost 0.04193722 499 0 606 108
goalpost 0.04013239 315 96 352 245
goalpost 0.038750608 619 3 640 128
goalpost 0.0374634 0 0 85 299
goalpost 0.037442785 152 0 199 108
goalpost 0.037435412 32 0 65 74
goalpost 0.03738789 47 156 201 403
goalpost 0.037353568 132 0 165 101
goalpost 0.037125334 61 13 98 124
goalpost 0.036735334 0 21 25 215
goalpost 0.03622827 614 451 637 480
goalpost 0.03605261 518 194 636 471
goalpost 0.034893386 321 0 423 132
goalpost 0.034892343 390 91 426 179
goalpost 0.0347 509 7 553 24
goalpost 0.0341141 416 0 505 196
goalpost 0.033712972 485 233 586 480
goalpost 0.032593578 5 228 105 423
goalpost 0.03076218 541 462 568 480
goalpost 0.030759366 480 456 506 480
goalpost 0.030598806 344 104 390 233
goalpost 0.030153561 293 27 318 85
goalpost 0.02996293 333 8 354 27
goalpost 0.029670838 124 219 162 324
goalpost 0.029507164 390 4 421 21
goalpost 0.029183695 415 465 443 480
goalpost 0.02898812 167 0 283 134
goalpost 0.028944055 92 0 132 147
goalpost 0.028683756 249 131 292 308
goalpost 0.028672796 447 460 473 480
goalpost 0.028358702 286 106 329 264
goalpost 0.02820632 88 202 135 314
