goalpost 0.26400527 91 0 218 267
goalpost 0.20482393 114 21 176 260
goalpost 0.20448948 64 26 184 316
goalpost 0.20092306 147 7 195 288
goalpost 0.19211689 227 43 249 154
goalpost 0.16909508 0 0 106 259
goalpost 0.16548933 18 0 253 201
goalpost 0.1509909 4 61 164 382
goalpost 0.14771023 196 5 221 27
goalpost 0.14700773 42 0 147 247
goalpost 0.1455823 83 7 142 269
goalpost 0.14437261 191 29 225 181
goalpost 0.14069313 226 0 247 21
goalpost 0.13603088 0 89 41 260
goalpost 0.12919661 49 23 117 248
goalpost 0.12272705 18 70 78 266
goalpost 0.11313511 66 0 91 34
goalpost 0.10876922 187 6 225 121
goalpost 0.104097135 0 82 96 372
goalpost 0.101175144 268 35 284 67
goalpost 0.09757418 98 2 128 33
goalpost 0.096960284 64 0 100 79
goalpost 0.09556179 294 27 309 67
goalpost 0.09006633 39 5 68 67
goalpost 0.08605051 41 0 73 40
goalpost 0.08400519 612 85 640 324
goalpost 0.08095531 228 18 249 88
goalpost 0.07859749 158 3 236 232
goalpost 0.07845867 264 57 276 89
goalpost 0.077622026 160 8 193 32
goalpost 0.07747198 116 0 273 182
goalpost 0.0741787 17 61 126 285
goalpost 0.07025634 0 101 207 324
goalpost 0.06998583 539 214 565 261
goalpost 0.06993546 124 2 158 29
goalpost 0.06955186 352 1 371 52
goalpost 0.068391 88 0 140 125
goalpost 0.06836649 346 3 371 91
goalpost 0.06466632 3 0 26 37
goalpost 0.05991171 611 443 636 480
goalpost 0.0597809 332 3 353 35
goalpost 0.0586694 294 4 311 29
goalpost 0.054672718 8 6 28 81
goalpost 0.05404136 266 5 287 28
goalpost 0.053033724 115 0 175 110
goalpost 0.052557305 147 2 202 155
goalpost 0.05137684 538 84 579 199
goalpost 0.050858356 308 0 378 194
goalpost 0.04942983 257 63 275 172
goalpost 0.049117837 336 8 360 87
goalpost 0.048637375 293 56 305 80
goalpost 0.04827401 86 0 230 132
goalpost 0.044622187 540 35 640 308
goalpost 0.043338094 16 147 86 299
goalpost 0.040360305 604 381 636 480
goalpost 0.03898392 522 257 640 480
goalpost 0.038664415 223 0 335 138
goalpost 0.037670694 152 138 195 278
goalpost 0.03766543 52 167 111 299
goalpost 0.037200913 379 0 474 115
goalpost 0.037076607 515 111 609 363
goalpost 0.0363568 610 0 640 64
goalpost 0.036114212 233 50 248 118
goalpost 0.034371655 477 137 576 449
goalpost 0.034348264 271 19 342 201
goalpost 0.033197273 523 0 631 177
goalpost 0.03246929 120 288 274 480
goalpost 0.03220134 0 156 41 304
goalpost 0.0313318 522 213 551 257
goalpost 0.031143112 217 13 284 313
goalpost 0.031011734 551 263 621 367
goalpost 0.02990701 44 30 223 424
goalpost 0.029864602 512 37 640 233
goalpost 0.029571127 47 294 198 480
goalpost 0.029281829 258 465 283 480
goalpost 0.028976882 463 203 640 480
goalpost 0.028813448 578 306 640 480
goalpost 0.027868403 565 78 609 216
goalpost 0.027748128 288 460 315 480
goalpost 0.027687473 0 443 24 480
goalpost 0.027644353 512 252 640 480
goalpost 0.02759179 483 0 588 186
goalpost 0.027384495 0 316 73 480
goalpost 0.027158685 317 90 351 179
goalpost 0.027114442 318 455 347 480
goalpost 0.027035126 2 51 30 218
goalpost 0.026719524 579 155 640 480
goalpost 0.026173031 264 116 282 218
goalpost 0.025977487 161 69 287 456
goalpost 0.025603278 351 454 379 480
goalpost 0.024983214 257 37 321 238
goalpost 0.024831042 503 141 640 478
goalpost 0.024253491 445 190 555 441
goalpost 0.024162114 556 0 640 188
goalpost 0.023451384 534 213 575 312
goalpost 0.023355812 602 0 640 182
goalpost 0.022345006 594 3 640 140
goalpost 0.022320796 141 0 238 381
goalpost 0.022271926 384 457 412 480
goalpost 0.021830969 412 215 517 452
