goalpost 0.4911011 0 56 152 480
goalpost 0.31837186 0 9 93 425
goalpost 0.28731728 100 12 285 243
goalpost 0.2544442 555 2 585 95
goalpost 0.25203484 295 21 394 259
goalpost 0.24820887 374 12 413 244
goalpost 0.23409423 108 0 130 17
goalpost 0.22783785 180 15 345 221
goalpost 0.18990563 33 48 217 406
goalpost 0.18952525 613 4 635 56
goalpost 0.18675534 120 1 146 23
goalpost 0.17900339 554 2 581 51
goalpost 0.1784491 104 114 237 365
goalpost 0.16998719 342 24 399 252
goalpost 0.15718237 242 2 329 254
goalpost 0.15019925 220 0 243 23
goalpost 0.14880359 0 63 29 325
goalpost 0.1458937 416 4 441 28
goalpost 0.1452399 91 105 135 209
goalpost 0.1345844 387 23 419 58
goalpost 0.12846647 114 210 173 448
goalpost 0.12760599 167 74 316 342
goalpost 0.123676054 220 32 370 332
goalpost 0.12332048 205 0 227 28
goalpost 0.12329487 88 0 150 163
goalpost 0.122457765 276 20 343 239
goalpost 0.115707725 61 162 174 460
goalpost 0.114681184 0 9 16 42
goalpost 0.11288032 459 28 480 78
goalpost 0.11183416 565 2 599 48
goalpost 0.10332162 204 23 278 226
goalpost 0.102693714 620 143 639 231
goalpost 0.10193412 114 0 159 95
goalpost 0.10112971 458 53 476 100
goalpost 0.09588411 415 14 448 111
goalpost 0.09472803 148 212 195 431
goalpost 0.09260663 566 59 606 207
goalpost 0.09230697 0 174 31 415
goalpost 0.090368874 538 0 616 207
goalpost 0.08823041 10 3 125 279
goalpost 0.08585799 267 0 288 28
goalpost 0.0853041 103 0 185 159
goalpost 0.081522 0 171 177 433
goalpost 0.07977137 69 0 93 12
goalpost 0.0793892 316 0 416 315
goalpost 0.07905983 0 0 71 288
goalpost 0.07800301 308 0 364 230
goalpost 0.07747378 141 36 208 217
goalpost 0.07651379 95 0 143 104
goalpost 0.07631429 114 126 172 223
goalpost 0.07480444 83 227 143 367
goalpost 0.072960824 558 13 599 115
goalpost 0.07147993 187 239 226 388
goalpost 0.07023505 447 80 477 214
goalpost 0.07016846 270 0 397 179
goalpost 0.06911669 50 0 143 202
goalpost 0.06775471 55 0 230 294
goalpost 0.06706815 167 14 249 201
goalpost 0.06599553 413 48 453 211
goalpost 0.065593846 289 4 315 31
goalpost 0.06270847 612 73 640 222
goalpost 0.061928418 38 0 67 11
goalpost 0.0614779 391 0 458 281
goalpost 0.06102988 14 172 230 480
goalpost 0.05972727 0 64 195 317
goalpost 0.05833211 57 36 101 214
goalpost 0.05723791 261 7 297 122
goalpost 0.05721452 317 19 356 64
goalpost 0.054701697 197 0 227 89
goalpost 0.054700393 0 253 83 480
goalpost 0.054675054 614 228 639 274
goalpost 0.054450534 1 22 22 154
goalpost 0.05253392 91 205 137 329
goalpost 0.050153427 11 0 206 179
goalpost 0.049888007 588 0 640 180
goalpost 0.048925936 24 51 68 262
goalpost 0.04876086 483 34 501 72
goalpost 0.048107788 119 0 223 208
goalpost 0.04643915 562 0 608 160
goalpost 0.045578655 161 0 188 18
goalpost 0.044804994 417 2 490 202
goalpost 0.044085067 456 3 481 26
goalpost 0.042708773 107 0 259 132
goalpost 0.042421483 184 138 278 384
goalpost 0.042250004 2 438 24 480
goalpost 0.041802406 442 347 605 480
goalpost 0.04038262 0 0 70 255
goalpost 0.03987871 286 326 434 480
goalpost 0.0385417 446 11 526 293
goalpost 0.038246673 224 0 257 91
goalpost 0.03722643 630 0 640 115
goalpost 0.03713626 351 8 392 41
goalpost 0.037132952 376 0 508 133
goalpost 0.037103456 516 3 540 24
goalpost 0.036567315 147 139 212 234
goalpost 0.036164872 50 243 106 404
goalpost 0.034609407 0 267 22 480
goalpost 0.034454886 333 92 428 443
goalpost 0.033847816 0 262 152 480
goalpost 0.033776224 282 56 384 433
