goalpost 0.98788327 286 0 424 414
goalpost 0.109974615 252 6 469 384
goalpost 0.07857305 306 0 419 307
goalpost 0.07332313 336 0 528 383
goalpost 0.05475038 504 0 538 20
goalpost 0.053300206 0 93 15 263
goalpost 0.049348038 301 0 386 399
goalpost 0.04757149 627 29 639 124
goalpost 0.047209214 287 91 392 435
goalpost 0.04423583 628 0 640 35
goalpost 0.043070443 625 39 640 163
goalpost 0.04260517 604 0 632 12
goalpost 0.04191773 517 0 551 16
goalpost 0.040175248 0 43 15 215
goalpost 0.03887594 585 0 617 9
goalpost 0.03718544 75 0 102 252
goalpost 0.036044423 628 18 639 87
goalpost 0.03571113 503 3 539 33
goalpost 0.035182897 0 58 19 288
goalpost 0.034086615 619 0 640 19
goalpost 0.03374219 568 0 601 10
goalpost 0.033650085 628 6 640 55
goalpost 0.03213729 534 0 567 11
goalpost 0.03141107 574 359 593 480
goalpost 0.031124413 593 58 640 174
goalpost 0.030326739 458 0 491 21
goalpost 0.030154439 506 3 536 50
goalpost 0.030060204 0 7 16 165
goalpost 0.029753817 0 123 18 248
goalpost 0.029482204 489 0 522 19
goalpost 0.02922961 628 0 640 24
goalpost 0.029149448 552 0 585 9
goalpost 0.02870043 585 70 618 157
goalpost 0.028367346 569 390 598 480
goalpost 0.027741412 619 58 640 155
goalpost 0.02743211 0 254 16 344
goalpost 0.026688999 488 373 519 478
goalpost 0.026248828 0 147 15 303
goalpost 0.025756419 471 0 504 19
goalpost 0.025653837 291 0 418 480
goalpost 0.025338247 313 59 413 438
goalpost 0.025295239 0 208 15 344
goalpost 0.024325551 600 68 635 158
goalpost 0.02397627 277 0 407 245
goalpost 0.023926876 599 20 640 145
goalpost 0.023808472 253 16 402 458
goalpost 0.023609491 335 0 444 279
goalpost 0.02291578 0 0 19 229
goalpost 0.022731047 132 46 357 392
goalpost 0.022411594 327 0 404 350
goalpost 0.021918979 82 292 135 480
goalpost 0.021346144 612 0 639 145
goalpost 0.021139957 515 1 551 28
goalpost 0.021053158 0 0 21 30
goalpost 0.020887954 0 54 19 177
goalpost 0.020823378 78 34 98 226
goalpost 0.02074846 277 0 356 448
goalpost 0.02040141 55 292 110 480
goalpost 0.020120298 0 279 20 336
goalpost 0.020002648 284 0 310 19
goalpost 0.019647768 619 0 640 26
goalpost 0.019616934 35 300 127 480
goalpost 0.019435031 429 6 500 163
goalpost 0.019325742 407 0 438 89
goalpost 0.019172283 62 0 97 255
goalpost 0.019061172 0 262 15 368
goalpost 0.01904098 0 90 19 215
goalpost 0.018985981 478 280 512 480
goalpost 0.018946078 0 285 17 352
goalpost 0.018899912 294 147 428 426
goalpost 0.018887317 368 0 518 480
goalpost 0.018817365 573 0 593 36
goalpost 0.018642554 488 1 524 31
goalpost 0.018559275 479 365 527 480
goalpost 0.018537315 0 0 14 94
goalpost 0.018299092 0 226 17 326
goalpost 0.018269498 456 8 489 71
goalpost 0.018208973 456 2 492 35
goalpost 0.018143604 610 16 640 206
goalpost 0.018090244 236 0 261 19
goalpost 0.017721452 0 27 19 142
goalpost 0.017716207 443 0 475 22
goalpost 0.017696328 281 41 456 480
goalpost 0.017640812 314 0 421 214
goalpost 0.017637102 268 0 293 18
goalpost 0.017624557 298 0 327 21
goalpost 0.017504456 611 0 640 92
goalpost 0.017373906 447 0 640 372
goalpost 0.017122457 463 7 528 157
goalpost 0.017113023 82 159 137 480
goalpost 0.016965529 153 0 183 20
goalpost 0.01695731 94 0 236 98
goalpost 0.01688842 454 5 492 51
goalpost 0.016867206 508 0 532 22
goalpost 0.01686567 626 317 640 412
goalpost 0.016830234 519 1 549 48
goalpost 0.01679562 626 220 639 325
goalpost 0.016697444 500 16 539 61
goalpost 0.0166024 590 0 608 36
goalpost 0.016577087 137 0 168 21
