goalpost 0.9573433 542 13 640 346
goalpost 0.18728712 567 14 638 295
goalpost 0.109735705 1 14 14 169
goalpost 0.10472266 563 0 627 381
goalpost 0.090223834 629 1 640 57
goalpost 0.08784088 0 66 14 242
goalpost 0.057997026 547 0 640 276
goalpost 0.056789976 163 0 276 448
goalpost 0.04967052 582 0 640 349
goalpost 0.049553145 547 0 640 448
goalpost 0.048336837 0 35 18 268
goalpost 0.047835246 621 0 640 31
goalpost 0.04647053 107 3 136 63
goalpost 0.042588096 1 0 14 122
goalpost 0.04202203 0 111 13 264
goalpost 0.04075957 621 6 640 42
goalpost 0.03998481 518 0 640 346
goalpost 0.03993779 0 30 16 148
goalpost 0.038041323 0 0 18 196
goalpost 0.03632923 0 0 21 27
goalpost 0.034333702 117 0 148 65
goalpost 0.03252674 124 3 226 268
goalpost 0.032405976 107 0 137 26
goalpost 0.031837 0 56 17 190
goalpost 0.031705856 0 141 15 249
goalpost 0.03135993 592 348 640 480
goalpost 0.031260483 620 11 640 65
goalpost 0.028502597 539 54 640 480
goalpost 0.02839392 152 38 183 286
goalpost 0.027767934 152 5 255 271
goalpost 0.027500287 490 0 640 299
goalpost 0.026596168 0 105 17 229
goalpost 0.026395034 611 0 634 20
goalpost 0.026318513 358 5 586 332
goalpost 0.025719257 78 0 263 448
goalpost 0.02487679 10 0 34 23
goalpost 0.024811715 109 0 130 33
goalpost 0.024725651 426 0 454 229
goalpost 0.024710765 133 0 301 410
goalpost 0.024572521 0 38 34 238
goalpost 0.024321912 559 360 635 480
goalpost 0.02406364 626 0 640 92
goalpost 0.023597984 149 271 271 473
goalpost 0.023245914 1 0 29 276
goalpost 0.023209732 364 0 592 252
goalpost 0.022934098 1 170 14 290
goalpost 0.022669317 96 0 121 19
goalpost 0.022644741 174 302 243 480
goalpost 0.022499502 116 0 150 27
goalpost 0.020624889 543 119 637 325
goalpost 0.020411996 26 0 53 19
goalpost 0.02040406 165 0 278 480
goalpost 0.020013463 450 6 640 317
goalpost 0.019984424 0 1 20 42
goalpost 0.01934074 0 0 17 36
goalpost 0.019340219 571 85 640 480
goalpost 0.018776193 613 6 635 31
goalpost 0.018688591 594 425 640 472
goalpost 0.018615013 177 0 264 358
goalpost 0.018580444 202 302 271 480
goalpost 0.018323634 0 11 15 92
goalpost 0.018271837 112 53 326 453
goalpost 0.017942937 625 321 640 429
goalpost 0.017786935 0 277 16 438
goalpost 0.017570224 522 0 638 404
goalpost 0.017429823 430 24 449 205
goalpost 0.017052399 145 0 208 307
goalpost 0.01692148 95 8 122 50
goalpost 0.016747044 75 0 152 50
goalpost 0.016629836 61 0 86 11
goalpost 0.016612874 0 7 19 59
goalpost 0.016555272 552 336 581 407
goalpost 0.016522272 460 0 640 247
goalpost 0.01640611 109 14 132 76
goalpost 0.01634157 0 0 165 480
goalpost 0.016282013 102 0 181 52
goalpost 0.016092762 44 0 69 14
goalpost 0.016023336 0 0 36 193
goalpost 0.016017659 1 0 15 49
goalpost 0.015970381 612 7 630 37
goalpost 0.015908228 65 0 79 48
goalpost 0.015871275 552 239 616 347
goalpost 0.015860477 605 318 640 480
goalpost 0.01580488 79 0 103 13
goalpost 0.01569503 0 189 16 275
goalpost 0.015688334 0 370 16 480
goalpost 0.015673857 85 8 212 226
goalpost 0.015595246 169 287 198 395
goalpost 0.015517752 0 409 19 480
goalpost 0.015344551 484 46 634 480
goalpost 0.015335115 562 81 640 372
goalpost 0.015300203 624 336 640 480
goalpost 0.015166648 587 385 640 480
goalpost 0.015107795 170 235 198 447
goalpost 0.015090144 188 249 285 480
goalpost 0.015077712 93 16 122 62
goalpost 0.015042651 352 0 494 101
goalpost 0.014995684 0 242 20 467
goalpost 0.014870459 580 255 618 348
goalpost 0.014862763 506 0 632 262
