goalpost 0.91432637 421 0 584 342
goalpost 0.2947587 475 0 640 366
goalpost 0.111136824 456 0 603 270
goalpost 0.084458 409 38 570 470
goalpost 0.07131207 415 45 535 303
goalpost 0.056907903 430 73 558 354
goalpost 0.053811625 0 0 115 353
goalpost 0.0453839 0 22 179 323
goalpost 0.038856454 486 0 627 199
goalpost 0.033270136 546 335 588 480
goalpost 0.032497387 457 44 606 480
goalpost 0.031120446 353 46 568 375
goalpost 0.029444395 282 0 309 251
goalpost 0.028320378 0 29 146 396
goalpost 0.027797734 27 0 57 31
goalpost 0.027326101 397 80 521 346
goalpost 0.026339926 505 12 640 216
goalpost 0.02618352 596 325 640 480
goalpost 0.025902836 539 369 596 480
goalpost 0.02553423 435 0 521 351
goalpost 0.025356473 0 48 201 438
goalpost 0.024352737 481 24 631 266
goalpost 0.023658633 325 411 363 480
goalpost 0.023422878 550 296 582 480
goalpost 0.022327552 13 63 159 424
goalpost 0.022096224 455 0 547 339
goalpost 0.02192728 15 0 42 28
goalpost 0.021833127 0 48 98 454
goalpost 0.021739561 502 0 607 157
goalpost 0.021640567 540 298 567 480
goalpost 0.02126181 626 0 640 55
goalpost 0.021159375 583 352 640 480
goalpost 0.02046754 41 0 67 57
goalpost 0.02023998 476 75 640 480
goalpost 0.020181192 33 0 49 62
goalpost 0.01977619 514 0 640 165
goalpost 0.01972916 626 31 640 121
goalpost 0.019646594 6 2 92 343
goalpost 0.019150935 286 39 304 231
goalpost 0.019003093 0 0 26 29
goalpost 0.01876251 0 0 85 480
goalpost 0.018556854 534 335 574 480
goalpost 0.018515749 341 399 379 480
goalpost 0.018478587 535 0 634 137
goalpost 0.018438898 47 0 63 66
goalpost 0.018275544 219 0 355 102
goalpost 0.017972589 23 0 158 249
goalpost 0.017698597 590 421 640 475
goalpost 0.017548392 415 136 539 375
goalpost 0.017499922 422 0 640 480
goalpost 0.017364541 38 0 70 32
goalpost 0.017226625 509 0 606 212
goalpost 0.017201472 583 389 640 480
goalpost 0.017189877 627 50 640 151
goalpost 0.017099956 439 70 524 480
goalpost 0.01700717 617 24 640 79
goalpost 0.016899798 604 0 635 21
goalpost 0.016852008 26 1 57 50
goalpost 0.016702112 310 410 347 480
goalpost 0.016639225 619 0 640 27
goalpost 0.016605943 554 351 632 480
goalpost 0.016604815 325 388 363 471
goalpost 0.016507355 42 0 66 40
goalpost 0.016500236 153 0 295 103
goalpost 0.016351445 378 41 511 287
goalpost 0.015892679 17 0 79 402
goalpost 0.015878582 626 0 640 40
goalpost 0.015576187 105 293 168 389
goalpost 0.015542342 418 0 549 480
goalpost 0.01540076 488 0 522 23
goalpost 0.015191082 0 7 61 330
goalpost 0.014783761 29 0 52 47
goalpost 0.01472831 501 0 537 24
goalpost 0.0147099905 540 241 579 480
goalpost 0.0146788675 624 277 640 398
goalpost 0.014655857 117 287 154 375
goalpost 0.014627309 112 0 265 324
goalpost 0.01461942 0 0 116 480
goalpost 0.014535709 8 0 174 480
goalpost 0.014438099 618 48 640 106
goalpost 0.014323601 542 322 563 476
goalpost 0.014282028 37 252 74 337
goalpost 0.0142432125 495 0 564 248
goalpost 0.014228912 56 0 135 260
goalpost 0.014098733 0 0 239 480
goalpost 0.013957712 0 0 20 40
goalpost 0.013869648 561 331 606 480
goalpost 0.013832522 351 0 640 462
goalpost 0.013823016 516 0 553 24
goalpost 0.01376549 375 0 640 480
goalpost 0.013740615 15 0 171 346
goalpost 0.013704152 19 0 170 147
goalpost 0.013651204 0 0 157 365
goalpost 0.0135358535 541 406 591 480
goalpost 0.013507576 624 9 640 89
goalpost 0.013460225 627 116 640 204
goalpost 0.0134208035 492 55 576 357
goalpost 0.013388623 294 410 330 480
goalpost 0.0133732185 0 0 549 410
goalpost 0.013173846 22 268 58 342
