goalpost 0.43856603 552 75 566 97
goalpost 0.3703281 395 34 464 256
goalpost 0.28212124 33 29 52 76
goalpost 0.28061795 359 0 454 255
goalpost 0.2612504 629 65 640 148
goalpost 0.23560187 192 3 223 69
goalpost 0.20919755 339 0 509 285
goalpost 0.20746139 428 37 493 230
goalpost 0.1991114 472 48 521 187
goalpost 0.19759388 214 72 269 214
goalpost 0.19120565 548 0 570 19
goalpost 0.1572118 188 74 213 223
goalpost 0.15575138 328 40 432 274
goalpost 0.1367726 295 3 470 231
goalpost 0.1306059 9 35 28 121
goalpost 0.1268813 359 0 380 23
goalpost 0.124348655 36 6 58 26
goalpost 0.121599406 295 64 389 272
goalpost 0.11722243 504 71 541 208
goalpost 0.11465267 5 149 32 288
goalpost 0.1113474 613 2 634 38
goalpost 0.111007094 26 34 53 119
goalpost 0.11025256 548 78 568 131
goalpost 0.10410648 21 23 66 166
goalpost 0.101731166 470 11 546 219
goalpost 0.101024084 523 2 548 24
goalpost 0.09998967 182 42 234 201
goalpost 0.098806664 392 0 414 21
goalpost 0.096189566 544 92 574 206
goalpost 0.09570959 352 6 567 187
goalpost 0.09467384 399 129 458 262
goalpost 0.09317591 145 0 255 211
goalpost 0.0925502 312 79 364 224
goalpost 0.09176874 4 14 26 47
goalpost 0.08833583 332 3 353 26
goalpost 0.08696769 189 129 284 401
goalpost 0.0857232 283 73 421 380
goalpost 0.07795126 379 132 428 280
goalpost 0.07649052 283 85 329 229
goalpost 0.07572718 384 0 500 174
goalpost 0.07374426 478 6 506 33
goalpost 0.0736109 226 116 302 389
goalpost 0.06829937 576 3 602 23
goalpost 0.067930736 239 165 267 236
goalpost 0.066641875 7 42 36 158
goalpost 0.06516181 143 62 309 227
goalpost 0.06475183 407 6 486 293
goalpost 0.06407877 1 38 40 213
goalpost 0.0631029 24 146 64 249
goalpost 0.06276028 175 1 267 254
goalpost 0.061726343 196 178 214 227
goalpost 0.060445517 290 0 314 13
goalpost 0.060432363 232 218 267 305
goalpost 0.05993124 624 82 640 179
goalpost 0.05928899 621 34 637 79
goalpost 0.05901396 489 0 573 227
goalpost 0.058741193 240 69 288 225
goalpost 0.058120955 471 0 517 112
goalpost 0.056613445 343 0 419 214
goalpost 0.055960663 386 9 422 113
goalpost 0.055722922 514 62 544 153
goalpost 0.055570807 412 0 452 19
goalpost 0.055547316 469 40 531 320
goalpost 0.055221234 407 187 451 281
goalpost 0.055206202 431 0 494 104
goalpost 0.05502895 190 58 224 133
goalpost 0.05382516 445 1 488 30
goalpost 0.05289595 209 56 295 280
goalpost 0.052502684 358 2 387 84
goalpost 0.05170835 425 0 621 140
goalpost 0.051594447 220 55 348 230
goalpost 0.05076858 0 225 22 375
goalpost 0.050492015 525 67 546 103
goalpost 0.050079584 174 7 203 34
goalpost 0.04945883 0 11 52 271
goalpost 0.048766986 478 46 511 128
goalpost 0.046971194 64 7 83 25
goalpost 0.045977682 165 0 323 158
goalpost 0.044717073 261 2 283 32
goalpost 0.043921374 299 93 506 339
goalpost 0.043199856 223 243 275 414
goalpost 0.04317017 513 12 544 102
goalpost 0.042801414 274 116 367 363
goalpost 0.041880935 255 390 287 480
goalpost 0.041740127 251 210 289 330
goalpost 0.0410723 66 34 84 69
goalpost 0.040762603 0 96 52 410
goalpost 0.040533226 405 0 466 104
goalpost 0.039866555 447 465 475 480
goalpost 0.038961295 2 0 86 184
goalpost 0.03888221 168 31 210 223
goalpost 0.038750216 243 158 278 270
goalpost 0.038600348 416 461 444 480
goalpost 0.03853609 20 83 66 282
goalpost 0.03751566 551 18 570 87
goalpost 0.037421983 348 103 399 275
goalpost 0.03679071 615 451 638 480
goalpost 0.035774305 563 111 609 208
goalpost 0.035311926 513 23 628 231
goalpost 0.035305414 170 216 300 480
