goalpost 0.5599552 343 189 380 480
goalpost 0.13575292 592 237 606 413
goalpost 0.10911665 1 199 12 341
goalpost 0.08999163 318 193 377 480
goalpost 0.07480875 378 7 406 251
goalpost 0.074425876 373 29 410 214
goalpost 0.07194109 183 174 213 393
goalpost 0.064302504 1 257 13 361
goalpost 0.06145455 0 236 13 338
goalpost 0.05521001 348 130 385 397
goalpost 0.051092632 188 192 209 345
goalpost 0.05069832 338 171 389 480
goalpost 0.04780932 1 174 13 304
goalpost 0.045636352 0 205 14 310
goalpost 0.04080968 589 214 611 434
goalpost 0.040174935 586 109 612 348
goalpost 0.03840145 178 200 204 249
goalpost 0.038037706 184 198 209 277
goalpost 0.03803457 330 211 366 480
goalpost 0.036538538 342 84 394 460
goalpost 0.031967923 346 183 374 420
goalpost 0.031810492 590 188 608 365
goalpost 0.031098317 171 177 206 351
goalpost 0.030494496 141 310 162 463
goalpost 0.030300213 0 308 20 358
goalpost 0.03000886 381 38 403 204
goalpost 0.028783595 590 112 608 275
goalpost 0.027540514 0 271 13 345
goalpost 0.027482657 353 190 386 456
goalpost 0.027285444 627 0 640 69
goalpost 0.026269112 1 143 14 256
goalpost 0.026075175 0 178 35 338
goalpost 0.026039327 589 148 608 317
goalpost 0.02580292 0 289 16 361
goalpost 0.025585238 378 0 417 209
goalpost 0.025291221 343 25 400 203
goalpost 0.02477178 188 134 225 370
goalpost 0.024161642 177 191 216 341
goalpost 0.02402024 0 159 18 361
goalpost 0.023939574 587 67 613 279
goalpost 0.023924325 137 280 165 480
goalpost 0.023810202 1 0 13 76
goalpost 0.023206988 86 0 507 423
goalpost 0.02315523 606 102 638 432
goalpost 0.022815932 171 170 200 428
goalpost 0.022540066 367 23 424 202
goalpost 0.022479266 159 211 198 401
goalpost 0.02213007 0 0 20 27
goalpost 0.022006592 590 267 610 401
goalpost 0.021588154 182 198 226 405
goalpost 0.021239847 0 314 14 423
goalpost 0.021147497 274 0 640 375
goalpost 0.020921309 356 43 404 182
goalpost 0.020761577 348 54 395 239
goalpost 0.020526119 9 320 33 367
goalpost 0.019613449 188 191 207 239
goalpost 0.019589985 598 33 640 480
goalpost 0.018886136 0 298 18 346
goalpost 0.018864496 139 360 163 460
goalpost 0.018835796 265 219 293 452
goalpost 0.018811986 1 293 14 393
goalpost 0.01877401 0 179 16 273
goalpost 0.01849455 605 35 639 321
goalpost 0.018380782 0 229 45 326
goalpost 0.018190732 377 49 407 174
goalpost 0.018088501 189 182 207 226
goalpost 0.018007308 190 164 208 215
goalpost 0.017917614 176 197 196 367
goalpost 0.017899115 0 282 16 335
goalpost 0.017699387 385 34 423 216
goalpost 0.017267335 0 308 18 385
goalpost 0.017244823 581 134 615 307
goalpost 0.017224137 198 174 227 398
goalpost 0.017201714 177 200 200 275
goalpost 0.016919719 0 277 50 365
goalpost 0.016831992 603 0 633 21
goalpost 0.016807247 370 0 426 254
goalpost 0.016794015 0 236 36 360
goalpost 0.016705668 522 144 548 255
goalpost 0.016591692 600 157 640 391
goalpost 0.016557237 158 226 177 406
goalpost 0.016404502 626 0 640 111
goalpost 0.016319584 573 120 600 340
goalpost 0.016307006 18 375 80 461
goalpost 0.016277613 0 0 16 36
goalpost 0.016207805 626 0 640 44
goalpost 0.016156126 459 234 489 281
goalpost 0.016014248 2 0 14 47
goalpost 0.015929323 368 0 640 480
goalpost 0.01590496 0 146 30 368
goalpost 0.015755843 577 36 610 325
goalpost 0.015752135 599 148 627 388
goalpost 0.015696907 377 0 407 166
goalpost 0.015610328 179 193 201 226
goalpost 0.01543707 0 22 15 90
goalpost 0.015373164 2 118 14 218
goalpost 0.015355966 618 0 640 30
goalpost 0.014986102 0 60 32 316
goalpost 0.014923269 627 377 640 480
goalpost 0.014909108 178 183 200 213
