goalpost 0.6975443 311 0 540 375
goalpost 0.5620039 268 74 479 465
goalpost 0.44126135 254 0 640 328
goalpost 0.3906515 5 2 38 181
goalpost 0.3781982 392 0 632 290
goalpost 0.3028375 17 21 61 170
goalpost 0.24496497 0 0 96 215
goalpost 0.22356746 314 0 352 154
goalpost 0.20840566 88 177 142 379
goalpost 0.1939631 321 0 407 332
goalpost 0.1727407 377 0 548 245
goalpost 0.16432248 482 7 614 248
goalpost 0.16176648 253 199 453 480
goalpost 0.16137001 49 188 113 362
goalpost 0.15957887 462 20 637 364
goalpost 0.15040104 55 43 90 165
goalpost 0.14340603 348 13 467 289
goalpost 0.14179672 189 154 541 480
goalpost 0.12924294 292 0 326 151
goalpost 0.12542583 38 184 79 346
goalpost 0.11391314 530 26 593 163
goalpost 0.11132557 24 0 142 175
goalpost 0.11120658 109 228 160 372
goalpost 0.10862158 599 17 639 242
goalpost 0.105398014 527 58 597 234
goalpost 0.10533469 64 213 171 405
goalpost 0.10476181 560 32 626 177
goalpost 0.10098745 504 17 552 177
goalpost 0.100970455 349 0 389 180
goalpost 0.09787612 263 14 291 142
goalpost 0.09516316 357 1 378 34
goalpost 0.094097175 296 39 320 127
goalpost 0.09216204 475 152 517 251
goalpost 0.090887986 239 183 373 480
goalpost 0.09004579 368 0 640 171
goalpost 0.089852706 348 0 424 222
goalpost 0.0896804 289 129 417 480
goalpost 0.0870402 603 15 640 66
goalpost 0.08377413 303 0 386 257
goalpost 0.083462074 99 1 130 24
goalpost 0.082901746 543 0 640 334
goalpost 0.08240062 386 0 410 27
goalpost 0.081612825 0 0 44 350
goalpost 0.07966163 25 151 112 480
goalpost 0.079291604 376 3 422 179
goalpost 0.07733451 569 0 613 25
goalpost 0.07695147 36 182 68 279
goalpost 0.07542203 560 1 622 99
goalpost 0.07423281 6 177 25 260
goalpost 0.07333331 278 22 369 337
goalpost 0.072400115 504 160 557 261
goalpost 0.071927026 445 148 483 250
goalpost 0.07174416 52 7 106 138
goalpost 0.07131702 328 0 350 45
goalpost 0.06922919 444 223 482 313
goalpost 0.06892572 545 193 631 282
goalpost 0.06863754 419 0 447 23
goalpost 0.068548664 323 0 348 103
goalpost 0.06786673 417 101 610 396
goalpost 0.06772693 22 14 58 64
goalpost 0.065037556 2 11 40 95
goalpost 0.06500946 229 291 400 480
goalpost 0.06391245 552 0 640 217
goalpost 0.06382435 530 205 600 291
goalpost 0.062869705 323 0 460 157
goalpost 0.060093086 448 0 478 24
goalpost 0.05928441 79 0 175 172
goalpost 0.058629666 316 240 463 480
goalpost 0.058028035 0 76 89 389
goalpost 0.05789158 445 185 482 280
goalpost 0.05658017 442 55 488 217
goalpost 0.05543221 489 0 640 158
goalpost 0.055350117 412 183 450 288
goalpost 0.054030284 354 0 385 113
goalpost 0.053652614 474 191 520 283
goalpost 0.05277314 35 67 137 402
goalpost 0.05213782 258 152 288 321
goalpost 0.051583894 412 143 451 254
goalpost 0.051102456 93 0 134 118
goalpost 0.049304947 613 444 634 480
goalpost 0.048994772 64 10 98 39
goalpost 0.048848253 470 155 640 398
goalpost 0.048008688 383 135 418 247
goalpost 0.047147833 321 170 538 425
goalpost 0.047131814 473 17 520 191
goalpost 0.045946077 550 228 616 292
goalpost 0.045723345 202 0 225 99
goalpost 0.04284369 269 0 341 253
goalpost 0.042511437 310 387 352 480
goalpost 0.041944306 557 0 640 133
goalpost 0.041801248 288 138 322 303
goalpost 0.04175165 410 23 459 179
goalpost 0.041728057 229 1 255 106
goalpost 0.041355804 319 447 347 480
goalpost 0.04103019 443 254 481 346
goalpost 0.041015342 413 219 449 321
goalpost 0.040161274 541 0 586 44
goalpost 0.03998606 576 94 640 326
goalpost 0.03965289 0 262 74 480
goalpost 0.038604263 58 148 209 354
