goalpost 0.87213296 541 0 637 478
goalpost 0.058431763 512 20 617 480
goalpost 0.05726407 547 0 640 480
goalpost 0.051952716 571 1 640 447
goalpost 0.04975586 210 0 226 11
goalpost 0.043573327 0 0 20 27
goalpost 0.0433323 193 0 213 15
goalpost 0.04303405 241 0 258 12
goalpost 0.042773847 208 0 222 10
goalpost 0.04210766 558 0 640 359
goalpost 0.041730437 255 0 274 13
goalpost 0.040276915 225 0 241 10
goalpost 0.037129078 159 0 184 22
goalpost 0.036284313 255 0 270 11
goalpost 0.035922974 174 0 197 20
goalpost 0.03520796 223 0 237 8
goalpost 0.03359889 463 0 640 480
goalpost 0.033057343 240 0 254 10
goalpost 0.032687366 346 0 600 480
goalpost 0.032276962 269 0 289 14
goalpost 0.031217432 352 173 370 341
goalpost 0.02943506 192 0 208 16
goalpost 0.029040491 0 102 15 254
goalpost 0.028561292 409 0 640 480
goalpost 0.027260022 492 0 623 480
goalpost 0.02719363 519 0 640 402
goalpost 0.026470143 285 0 306 15
goalpost 0.026342362 269 0 285 12
goalpost 0.025363542 0 66 16 222
goalpost 0.025326334 159 0 176 62
goalpost 0.025131987 348 133 374 352
goalpost 0.024070365 317 0 336 23
goalpost 0.023967145 583 92 640 480
goalpost 0.02395092 302 0 323 17
goalpost 0.023193521 14 0 29 25
goalpost 0.022897897 360 144 387 368
goalpost 0.022467522 120 0 317 470
goalpost 0.022244826 361 202 387 425
goalpost 0.021757908 1 0 14 80
goalpost 0.02172364 0 21 16 171
goalpost 0.021185217 0 0 20 39
goalpost 0.02088155 92 0 116 16
goalpost 0.020299327 143 0 168 20
goalpost 0.020039162 76 0 101 15
goalpost 0.020017285 153 2 184 49
goalpost 0.019808508 210 0 222 45
goalpost 0.019732488 369 0 571 408
goalpost 0.019451324 363 0 390 23
goalpost 0.019196223 286 0 303 14
goalpost 0.019110875 348 186 376 410
goalpost 0.019061022 362 295 383 405
goalpost 0.018907394 157 0 184 34
goalpost 0.018861284 28 0 52 21
goalpost 0.018821819 33 0 46 64
goalpost 0.018591022 351 134 369 295
goalpost 0.018393269 257 0 270 44
goalpost 0.018381989 108 0 132 17
goalpost 0.018338831 0 111 18 220
goalpost 0.018277414 33 0 280 373
goalpost 0.018271882 61 0 86 15
goalpost 0.018201552 0 46 20 261
goalpost 0.017829038 332 0 352 29
goalpost 0.01739774 537 0 604 410
goalpost 0.017335411 353 291 373 402
goalpost 0.017293863 541 0 640 235
goalpost 0.017107097 213 256 364 451
goalpost 0.016743189 49 0 63 58
goalpost 0.016707148 521 1 640 312
goalpost 0.016674537 0 0 105 298
goalpost 0.016545797 531 137 640 480
goalpost 0.016534396 330 0 356 25
goalpost 0.016517252 80 0 95 56
goalpost 0.016508766 347 0 374 25
goalpost 0.01648612 16 0 29 65
goalpost 0.01646558 225 0 237 40
goalpost 0.016455382 3 0 15 47
goalpost 0.01645262 351 223 370 386
goalpost 0.016364858 0 152 16 270
goalpost 0.016289279 365 0 384 26
goalpost 0.016110899 276 268 415 446
goalpost 0.016051084 511 0 596 340
goalpost 0.016045282 125 0 150 18
goalpost 0.015719121 156 7 182 69
goalpost 0.01557651 248 0 640 480
goalpost 0.0155557515 64 0 79 59
goalpost 0.015460845 0 0 640 480
goalpost 0.015375033 189 230 212 337
goalpost 0.015290401 44 0 68 16
goalpost 0.015279965 88 20 237 406
goalpost 0.015276995 0 0 116 129
goalpost 0.015138448 68 189 105 228
goalpost 0.015106056 585 0 640 342
goalpost 0.01495779 377 0 404 23
goalpost 0.014855705 174 0 244 44
goalpost 0.014850702 62 1 258 480
goalpost 0.014767157 112 0 127 58
goalpost 0.014716018 54 190 90 227
goalpost 0.014685718 0 0 15 126
goalpost 0.0146764545 0 143 17 231
goalpost 0.014611819 478 0 640 351
