goalpost 0.4142202 402 0 567 350
goalpost 0.39012685 22 3 184 413
goalpost 0.34660536 8 18 91 346
goalpost 0.3312463 540 12 580 201
goalpost 0.3240624 284 0 323 217
goalpost 0.31058165 230 2 254 197
goalpost 0.3062984 196 0 219 210
goalpost 0.28191426 45 49 134 383
goalpost 0.24425398 317 3 338 32
goalpost 0.23910704 1 78 34 270
goalpost 0.22672004 357 0 371 44
goalpost 0.20145269 302 10 325 56
goalpost 0.19705935 121 73 162 244
goalpost 0.1963695 565 51 606 185
goalpost 0.19224826 470 0 598 220
goalpost 0.19028337 161 20 195 250
goalpost 0.18332507 298 6 319 130
goalpost 0.18101582 384 58 517 359
goalpost 0.1786931 613 61 634 138
goalpost 0.176335 619 10 640 80
goalpost 0.17135477 488 13 565 180
goalpost 0.16329488 332 12 580 245
goalpost 0.15831774 441 0 526 346
goalpost 0.15014285 314 1 337 84
goalpost 0.14848226 621 7 640 44
goalpost 0.14701694 2 6 23 30
goalpost 0.14643773 88 66 135 251
goalpost 0.13746195 459 0 475 23
goalpost 0.1349305 202 5 228 49
goalpost 0.13376805 350 133 500 425
goalpost 0.1316111 261 0 294 215
goalpost 0.13042273 34 6 61 24
goalpost 0.12959725 161 114 192 285
goalpost 0.12847489 469 0 542 266
goalpost 0.12512673 201 1 227 125
goalpost 0.12379418 393 2 405 20
goalpost 0.12233182 540 6 580 42
goalpost 0.109087534 435 0 449 18
goalpost 0.10382299 95 17 158 388
goalpost 0.10374985 0 7 118 407
goalpost 0.1026218 24 61 69 227
goalpost 0.10044336 281 13 387 366
goalpost 0.10016563 320 119 454 369
goalpost 0.10012705 88 420 122 480
goalpost 0.10010511 483 0 510 24
goalpost 0.09814544 226 11 304 219
goalpost 0.09437597 513 16 611 273
goalpost 0.09276697 214 13 243 59
goalpost 0.09147721 95 0 130 24
goalpost 0.091154665 407 0 640 228
goalpost 0.08977597 530 2 583 120
goalpost 0.088639736 416 128 550 359
goalpost 0.08660926 63 428 100 480
goalpost 0.08288416 569 3 603 32
goalpost 0.08267051 120 0 184 297
goalpost 0.08144326 55 52 109 235
goalpost 0.0810653 168 3 190 30
goalpost 0.07955085 4 53 28 216
goalpost 0.07940536 77 43 215 382
goalpost 0.07559157 257 8 320 243
goalpost 0.075504035 302 0 352 210
goalpost 0.075217344 624 249 640 352
goalpost 0.07420829 455 48 565 397
goalpost 0.07259424 196 0 261 218
goalpost 0.07228226 509 7 552 38
goalpost 0.07173445 343 0 451 338
goalpost 0.06889131 69 2 100 27
goalpost 0.06853588 617 82 637 178
goalpost 0.06782215 592 15 640 230
goalpost 0.06671403 438 222 493 374
goalpost 0.06603739 259 7 288 38
goalpost 0.064727575 0 61 221 361
goalpost 0.064461604 134 0 162 22
goalpost 0.06198871 438 5 498 261
goalpost 0.061812837 535 0 640 158
goalpost 0.061313417 571 0 640 271
goalpost 0.060802497 469 0 640 147
goalpost 0.05931821 117 105 168 333
goalpost 0.059061676 257 0 360 158
goalpost 0.05759214 40 251 185 480
goalpost 0.05745976 0 28 173 275
goalpost 0.056606967 62 36 147 272
goalpost 0.056526985 195 75 282 338
goalpost 0.055383794 543 123 578 246
goalpost 0.05498346 28 41 61 179
goalpost 0.054646224 251 50 337 347
goalpost 0.05424272 567 0 612 91
goalpost 0.05353479 462 242 522 359
goalpost 0.05311159 213 11 241 127
goalpost 0.051892567 515 22 640 209
goalpost 0.051182635 457 0 483 91
goalpost 0.049801026 6 0 90 197
goalpost 0.0493098 26 80 71 361
goalpost 0.048810024 259 3 288 123
goalpost 0.047554642 478 0 522 123
goalpost 0.044023458 189 0 232 281
goalpost 0.043296196 392 174 530 410
goalpost 0.04316152 0 136 25 366
goalpost 0.04304541 145 0 215 196
goalpost 0.042709414 35 0 126 188
