goalpost 0.9647284 337 0 467 458
goalpost 0.13547656 362 0 445 431
goalpost 0.1005587 361 0 535 423
goalpost 0.06807609 352 111 451 459
goalpost 0.05474174 354 0 478 480
goalpost 0.05304994 371 0 466 366
goalpost 0.05256136 628 0 639 31
goalpost 0.04820934 523 0 551 22
goalpost 0.045483544 0 433 29 467
goalpost 0.04461421 123 0 150 25
goalpost 0.044570543 538 0 562 24
goalpost 0.0426236 0 0 105 291
goalpost 0.039736938 508 0 530 27
goalpost 0.039533146 608 0 628 16
goalpost 0.03891853 620 0 640 22
goalpost 0.038602367 323 46 428 440
goalpost 0.03831219 496 0 522 23
goalpost 0.03703792 360 12 514 480
goalpost 0.036375545 275 14 474 425
goalpost 0.035016604 0 425 26 460
goalpost 0.03483098 0 0 22 26
goalpost 0.034173787 5 437 42 467
goalpost 0.03274518 589 0 611 14
goalpost 0.031900577 110 0 136 21
goalpost 0.031872984 375 0 523 480
goalpost 0.031505886 354 0 449 287
goalpost 0.03072467 0 256 16 403
goalpost 0.029508304 0 0 172 254
goalpost 0.029385041 347 0 422 421
goalpost 0.02914588 551 0 580 15
goalpost 0.028962988 542 0 560 39
goalpost 0.028184153 136 0 164 24
goalpost 0.026498897 128 0 144 67
goalpost 0.026177417 572 0 595 16
goalpost 0.026075935 627 1 639 43
goalpost 0.025006505 27 0 54 19
goalpost 0.024242671 575 0 592 32
goalpost 0.023760835 302 0 439 480
goalpost 0.023641272 299 0 324 22
goalpost 0.023236541 12 0 36 22
goalpost 0.023143712 6 430 40 460
goalpost 0.023051698 0 42 88 349
goalpost 0.022884225 44 0 69 16
goalpost 0.022706961 527 0 544 41
goalpost 0.022594767 558 0 575 34
goalpost 0.022392191 283 0 309 26
goalpost 0.02209588 494 1 522 33
goalpost 0.021903055 60 0 85 16
goalpost 0.021884784 0 298 16 452
goalpost 0.021820175 267 0 294 29
goalpost 0.021118132 496 0 512 44
goalpost 0.021083865 1 0 14 74
goalpost 0.020804733 0 0 17 34
goalpost 0.020798996 315 0 340 20
goalpost 0.02079505 592 0 607 30
goalpost 0.020608343 375 149 469 461
goalpost 0.020487871 153 0 181 23
goalpost 0.020361686 0 412 24 452
goalpost 0.02033431 323 0 497 387
goalpost 0.019997733 511 0 527 39
goalpost 0.019765606 251 0 279 30
goalpost 0.019672299 424 0 457 22
goalpost 0.019497218 0 0 21 39
goalpost 0.019477656 479 0 507 21
goalpost 0.019334704 396 0 458 347
goalpost 0.019263422 373 0 408 25
goalpost 0.019058716 626 369 640 478
goalpost 0.018963145 92 0 118 18
goalpost 0.018937472 75 0 100 17
goalpost 0.018769262 626 9 639 65
goalpost 0.018540412 49 0 63 51
goalpost 0.018510958 0 0 202 307
goalpost 0.018375635 359 0 392 25
goalpost 0.01828644 0 236 19 463
goalpost 0.018044991 0 0 153 349
goalpost 0.017825358 170 0 198 22
goalpost 0.017633557 438 0 472 22
goalpost 0.017605966 346 0 375 24
goalpost 0.017510854 65 0 79 54
goalpost 0.017427772 626 44 640 134
goalpost 0.017396878 0 408 18 468
goalpost 0.01734183 227 58 437 480
goalpost 0.017338092 0 281 18 391
goalpost 0.017211825 0 344 15 468
goalpost 0.01681259 331 0 358 20
goalpost 0.016707039 0 88 115 315
goalpost 0.016652472 80 0 95 59
goalpost 0.016627096 0 4 16 61
goalpost 0.016561719 321 18 436 310
goalpost 0.016548669 32 0 47 57
goalpost 0.016388837 626 73 640 179
goalpost 0.016174728 30 0 49 20
goalpost 0.016102897 522 2 551 31
goalpost 0.01593214 446 0 640 410
goalpost 0.015797514 611 0 640 135
goalpost 0.015774712 6 91 169 308
goalpost 0.01576025 446 0 465 65
goalpost 0.01574186 0 360 57 480
goalpost 0.015598431 389 0 423 24
goalpost 0.015573234 608 2 633 22
