goalpost 0.72752273 142 0 192 144
goalpost 0.3258871 303 8 321 86
goalpost 0.32176393 319 6 341 84
goalpost 0.27913406 136 0 245 167
goalpost 0.23032846 374 1 399 19
goalpost 0.22509779 362 2 383 25
goalpost 0.2196208 41 0 67 27
goalpost 0.17515369 142 0 292 116
goalpost 0.16083196 557 1 640 193
goalpost 0.1575095 226 0 241 24
goalpost 0.1513302 506 0 553 9
goalpost 0.14918236 301 8 317 47
goalpost 0.14891571 74 5 193 165
goalpost 0.13788356 176 15 270 193
goalpost 0.13574246 79 0 158 103
goalpost 0.13133968 537 0 631 241
goalpost 0.12164011 462 5 602 196
goalpost 0.11480126 324 6 344 41
goalpost 0.11020913 57 0 119 97
goalpost 0.105165094 508 12 557 148
goalpost 0.104607716 609 5 640 175
goalpost 0.104517624 0 0 105 179
goalpost 0.10171255 611 17 640 80
goalpost 0.09725635 525 6 584 154
goalpost 0.09448335 349 15 371 77
goalpost 0.09406519 119 0 207 258
goalpost 0.0904351 266 11 283 76
goalpost 0.089292526 0 0 22 89
goalpost 0.089052536 118 10 186 59
goalpost 0.08889822 47 0 150 182
goalpost 0.088249736 103 0 234 120
goalpost 0.08761377 487 0 524 7
goalpost 0.08385283 0 277 21 374
goalpost 0.07991683 32 238 54 296
goalpost 0.077832095 233 6 253 88
goalpost 0.077733725 480 28 591 316
goalpost 0.07421294 58 3 99 43
goalpost 0.072337024 268 10 283 42
goalpost 0.07229707 611 35 638 305
goalpost 0.07091319 192 3 219 25
goalpost 0.07077201 2 247 23 338
goalpost 0.06701749 148 13 194 71
goalpost 0.06618448 597 0 640 139
goalpost 0.06552317 593 0 640 245
goalpost 0.06515175 44 0 208 114
goalpost 0.06432201 533 0 578 10
goalpost 0.06185498 89 6 143 58
goalpost 0.060868233 29 0 85 91
goalpost 0.06004334 1 0 19 50
goalpost 0.059868257 8 235 23 311
goalpost 0.055713527 569 0 620 19
goalpost 0.055473898 456 0 478 8
goalpost 0.055209655 437 24 536 191
goalpost 0.054033946 3 153 15 206
goalpost 0.04835194 547 51 640 276
goalpost 0.044810306 255 0 352 140
goalpost 0.04378974 391 341 405 394
goalpost 0.043062434 0 426 25 480
goalpost 0.042905472 559 7 627 145
goalpost 0.04223902 295 0 379 184
goalpost 0.042009603 418 318 440 389
goalpost 0.041707247 210 44 283 221
goalpost 0.039835952 305 43 320 98
goalpost 0.039657876 23 283 70 366
goalpost 0.03720077 427 1 447 16
goalpost 0.036772978 609 444 636 480
goalpost 0.035555445 304 0 414 132
goalpost 0.035258185 547 0 640 403
goalpost 0.034617748 55 302 96 385
goalpost 0.034500293 6 179 19 218
goalpost 0.034121178 28 251 62 327
goalpost 0.03301222 484 42 553 257
goalpost 0.032281294 317 47 337 125
goalpost 0.030794421 260 0 320 229
goalpost 0.028660866 569 332 640 480
goalpost 0.028369747 346 0 433 204
goalpost 0.028284889 159 158 182 244
goalpost 0.02704384 285 0 355 256
goalpost 0.026850902 104 57 189 270
goalpost 0.026511617 579 43 640 431
goalpost 0.026501736 413 42 514 329
goalpost 0.026247647 614 151 640 376
goalpost 0.025982559 278 0 345 183
goalpost 0.025966445 0 10 15 113
goalpost 0.025137817 570 47 621 237
goalpost 0.023872592 352 385 368 407
goalpost 0.023584457 485 24 524 135
goalpost 0.023426035 343 133 384 273
goalpost 0.02332733 0 167 115 480
goalpost 0.022774767 374 0 463 105
goalpost 0.022722883 381 28 402 69
goalpost 0.022155961 531 53 577 176
goalpost 0.022145834 172 2 213 123
goalpost 0.022114 111 38 263 265
goalpost 0.022067716 63 246 92 301
goalpost 0.02191144 306 38 325 130
goalpost 0.021903627 57 263 91 325
goalpost 0.021826653 460 47 490 124
goalpost 0.020778341 25 214 171 427
goalpost 0.020597877 6 222 20 277
