goalpost 0.1838165 354 0 396 189
goalpost 0.11230303 629 1 639 25
goalpost 0.11157442 158 0 385 185
goalpost 0.09266446 609 1 627 15
goalpost 0.08235326 619 0 638 20
goalpost 0.07904455 46 410 95 480
goalpost 0.0781018 460 0 485 5
goalpost 0.073163316 444 0 469 4
goalpost 0.07008927 15 2 38 16
goalpost 0.067818664 429 0 454 4
goalpost 0.065958 476 0 500 6
goalpost 0.06545239 414 0 439 6
goalpost 0.06521345 145 0 410 335
goalpost 0.06384441 27 1 55 13
goalpost 0.06238536 592 0 614 13
goalpost 0.058493298 628 8 639 35
goalpost 0.058387164 628 0 639 19
goalpost 0.055742808 0 27 12 89
goalpost 0.052216154 0 8 13 81
goalpost 0.051280074 121 0 334 229
goalpost 0.05014633 593 0 618 10
goalpost 0.049541805 0 0 23 22
goalpost 0.049518056 341 7 395 230
goalpost 0.049320575 191 0 375 271
goalpost 0.049237456 53 402 113 480
goalpost 0.04879816 52 376 88 476
goalpost 0.048211202 166 42 411 446
goalpost 0.047314852 134 0 325 140
goalpost 0.04364152 397 0 424 9
goalpost 0.042477854 491 0 516 8
goalpost 0.039132662 0 35 14 100
goalpost 0.038278133 299 0 620 480
goalpost 0.03685847 40 0 69 10
goalpost 0.03670062 203 25 368 362
goalpost 0.036382534 197 0 355 151
goalpost 0.03589219 192 152 384 438
goalpost 0.03585456 60 410 107 480
goalpost 0.035798226 340 12 390 163
goalpost 0.03504476 628 18 640 49
goalpost 0.034503296 2 15 13 106
goalpost 0.033104893 479 0 496 18
goalpost 0.033044413 26 8 55 23
goalpost 0.03279905 574 0 598 14
goalpost 0.03133284 507 0 533 9
goalpost 0.030887172 378 0 410 14
goalpost 0.030624561 462 0 480 17
goalpost 0.030003587 540 0 564 12
goalpost 0.029374883 0 423 28 474
goalpost 0.028742865 524 0 547 11
goalpost 0.028702095 494 0 512 21
goalpost 0.028522579 199 0 380 480
goalpost 0.028235102 431 0 449 19
goalpost 0.027887175 557 0 581 13
goalpost 0.027067244 0 42 16 89
goalpost 0.026836833 610 3 632 18
goalpost 0.026754856 30 1 48 32
goalpost 0.026736686 446 0 464 18
goalpost 0.026669038 231 0 425 175
goalpost 0.026628904 0 358 15 475
goalpost 0.026567515 587 35 616 72
goalpost 0.0265195 619 5 638 29
goalpost 0.026473282 0 54 16 120
goalpost 0.026020415 98 0 258 180
goalpost 0.02596933 476 0 495 0
goalpost 0.025952125 469 94 506 183
goalpost 0.025767548 14 11 36 30
goalpost 0.025581969 332 0 404 189
goalpost 0.025240712 518 149 584 245
goalpost 0.025168639 587 49 616 91
goalpost 0.02508176 1 7 22 36
goalpost 0.024898613 13 5 33 21
goalpost 0.024548374 0 0 19 31
goalpost 0.024474423 371 0 402 222
goalpost 0.024068609 361 0 395 21
goalpost 0.024013162 55 0 85 11
goalpost 0.023927322 211 14 462 404
goalpost 0.023805812 449 0 640 480
goalpost 0.023656761 530 132 571 219
goalpost 0.023562845 627 29 640 68
goalpost 0.023414247 29 0 49 12
goalpost 0.023239007 349 0 388 131
goalpost 0.023083985 591 0 608 22
goalpost 0.022939196 1 154 15 283
goalpost 0.02288918 492 0 511 2
goalpost 0.022746922 361 0 391 145
goalpost 0.02270895 510 0 528 25
goalpost 0.022528857 0 10 16 49
goalpost 0.022516483 589 23 616 54
goalpost 0.022453442 8 425 42 474
goalpost 0.022134406 341 0 395 305
goalpost 0.02178502 42 378 99 480
goalpost 0.021716524 241 0 425 119
goalpost 0.021710495 25 11 55 38
goalpost 0.021561911 0 411 20 473
goalpost 0.021407213 526 0 544 27
goalpost 0.021315025 196 0 438 205
goalpost 0.021236585 414 0 433 1
