goalpost 0.22097796 404 0 475 83
goalpost 0.11152093 415 0 506 93
goalpost 0.055403285 427 0 496 76
goalpost 0.0461902 337 0 500 66
goalpost 0.045279823 409 2 467 68
goalpost 0.04351984 444 0 533 90
goalpost 0.042477615 1 347 14 480
goalpost 0.0421225 448 0 531 61
goalpost 0.042040575 423 8 487 104
goalpost 0.041150443 396 8 462 105
goalpost 0.039793197 418 2 462 93
goalpost 0.039640564 0 111 14 270
goalpost 0.038835865 385 0 551 67
goalpost 0.032113865 469 10 536 92
goalpost 0.030966736 0 0 17 38
goalpost 0.029243063 615 48 640 223
goalpost 0.029135462 378 0 449 92
goalpost 0.02912473 401 0 520 108
goalpost 0.027988255 416 0 535 59
goalpost 0.027364157 0 305 15 449
goalpost 0.02735193 602 0 636 15
goalpost 0.026701128 456 18 520 104
goalpost 0.02524805 477 14 526 72
goalpost 0.025182858 440 13 504 105
goalpost 0.02459248 411 19 473 114
goalpost 0.024402184 283 0 440 73
goalpost 0.024204154 2 0 15 60
goalpost 0.023150781 601 5 637 25
goalpost 0.023015562 398 366 449 480
goalpost 0.022696376 468 10 509 95
goalpost 0.022564149 0 0 17 67
goalpost 0.022534452 0 154 16 267
goalpost 0.022302296 0 180 14 306
goalpost 0.021345805 0 390 17 480
goalpost 0.021329496 624 107 640 254
goalpost 0.020973805 34 0 47 45
goalpost 0.020920625 401 0 453 47
goalpost 0.020830214 318 0 640 480
goalpost 0.020800725 377 391 442 480
goalpost 0.020800421 614 81 640 280
goalpost 0.020539733 623 145 640 279
goalpost 0.020503752 306 0 604 480
goalpost 0.020421341 463 0 520 78
goalpost 0.020134179 74 0 102 17
goalpost 0.019679718 467 0 534 72
goalpost 0.019658875 0 82 15 218
goalpost 0.019649552 332 0 510 104
goalpost 0.019600831 0 55 33 352
goalpost 0.019463345 617 0 640 21
goalpost 0.019461388 425 4 478 67
goalpost 0.019458022 1 265 15 410
goalpost 0.019428413 13 0 32 34
goalpost 0.019237906 49 0 63 56
goalpost 0.019087888 392 397 456 480
goalpost 0.018994566 89 0 118 18
goalpost 0.018987345 598 9 638 42
goalpost 0.018758154 404 0 451 31
goalpost 0.018657748 0 134 15 225
goalpost 0.018655214 599 122 640 246
goalpost 0.018606175 0 314 18 480
goalpost 0.018534686 415 0 464 35
goalpost 0.018512553 601 12 633 67
goalpost 0.018367996 615 18 640 88
goalpost 0.01834679 29 0 50 29
goalpost 0.018265616 446 0 640 452
goalpost 0.018239537 624 84 640 207
goalpost 0.018232048 462 3 512 64
goalpost 0.01796695 484 0 549 81
goalpost 0.017888378 611 0 640 141
goalpost 0.017709745 0 235 15 368
goalpost 0.017666206 0 362 16 466
goalpost 0.017527245 375 0 449 67
goalpost 0.01749406 413 365 464 480
goalpost 0.017181082 263 158 325 263
goalpost 0.017169409 374 0 499 130
goalpost 0.017134724 494 8 538 54
goalpost 0.017057354 483 0 560 58
goalpost 0.017040486 217 104 246 305
goalpost 0.01692052 42 0 68 18
goalpost 0.016657423 610 188 640 340
goalpost 0.016602315 517 0 551 19
goalpost 0.016482554 406 0 449 83
goalpost 0.016440742 58 0 85 16
goalpost 0.016164312 281 359 310 468
goalpost 0.016110068 600 26 634 106
goalpost 0.016069237 369 0 640 480
goalpost 0.01604081 477 0 591 77
goalpost 0.015974104 383 397 433 480
goalpost 0.015969543 58 36 87 87
goalpost 0.015855424 0 190 16 274
goalpost 0.01581146 281 282 310 480
goalpost 0.015797472 0 82 18 296
goalpost 0.01578179 443 0 605 79
goalpost 0.015756615 86 172 226 429
goalpost 0.015741223 351 0 567 427
goalpost 0.01569324 217 0 374 92
goalpost 0.015622106 617 0 640 32
goalpost 0.015595261 103 0 134 21
goalpost 0.015501624 485 22 523 103
goalpost 0.015492975 401 20 451 92
