goalpost 0.17572327 0 35 14 215
goalpost 0.0989704 1 216 14 316
goalpost 0.09020372 0 13 18 246
goalpost 0.08020384 2 0 26 251
goalpost 0.06540205 307 394 346 480
goalpost 0.064677946 1 249 14 331
goalpost 0.063434385 620 0 640 31
goalpost 0.06030113 1 168 14 307
goalpost 0.0570303 0 227 15 303
goalpost 0.056938414 0 247 14 306
goalpost 0.05118854 0 57 16 178
goalpost 0.04736441 623 35 640 200
goalpost 0.0472607 607 0 635 24
goalpost 0.04543337 619 17 640 228
goalpost 0.044726606 607 6 636 33
goalpost 0.04361709 0 94 14 267
goalpost 0.043130044 0 0 19 27
goalpost 0.042713717 0 25 28 200
goalpost 0.04226403 627 0 640 44
goalpost 0.040756848 0 208 14 289
goalpost 0.039645903 0 357 88 480
goalpost 0.034826748 0 266 20 351
goalpost 0.034264147 296 396 357 480
goalpost 0.033899236 296 394 333 480
goalpost 0.033037595 0 173 16 283
goalpost 0.032302078 0 14 15 133
goalpost 0.031283222 548 0 587 21
goalpost 0.031238528 534 90 570 180
goalpost 0.030193469 0 358 61 480
goalpost 0.030073745 217 288 275 390
goalpost 0.02978212 602 49 640 187
goalpost 0.02969868 553 386 583 480
goalpost 0.029305208 0 299 24 386
goalpost 0.029150067 202 286 261 393
goalpost 0.028973773 0 52 29 300
goalpost 0.028820148 0 264 19 311
goalpost 0.028461114 547 1 587 32
goalpost 0.028313264 533 0 572 20
goalpost 0.02830921 626 5 640 63
goalpost 0.027973779 0 329 105 480
goalpost 0.027803691 613 54 640 286
goalpost 0.027538775 0 37 18 145
goalpost 0.027455661 559 391 609 480
goalpost 0.027105954 0 63 18 297
goalpost 0.026857777 290 0 548 348
goalpost 0.026597291 564 0 602 24
goalpost 0.026537828 1 0 14 65
goalpost 0.026144525 0 5 15 50
goalpost 0.025592025 612 23 640 189
goalpost 0.025359195 0 85 17 218
goalpost 0.025103077 624 16 640 133
goalpost 0.025014773 56 293 115 396
goalpost 0.024953593 54 298 91 389
goalpost 0.024648454 61 306 110 438
goalpost 0.024603304 619 56 640 185
goalpost 0.024480999 564 1 602 34
goalpost 0.02442758 232 297 291 397
goalpost 0.024273163 567 402 632 480
goalpost 0.023976753 585 0 618 23
goalpost 0.023947531 0 309 18 458
goalpost 0.023716334 0 277 18 414
goalpost 0.023199745 625 376 640 480
goalpost 0.023120662 625 10 640 92
goalpost 0.022896197 619 6 640 45
goalpost 0.022832097 211 183 265 365
goalpost 0.022720192 56 321 90 417
goalpost 0.022647878 584 1 618 33
goalpost 0.022425033 562 409 606 480
goalpost 0.02235847 532 1 572 31
goalpost 0.022175055 186 288 248 393
goalpost 0.021918006 0 258 22 470
goalpost 0.021834 568 389 599 480
goalpost 0.021622676 62 302 83 445
goalpost 0.02137574 0 271 22 323
goalpost 0.021328384 12 0 28 26
goalpost 0.021124937 76 288 125 416
goalpost 0.020874273 0 311 21 420
goalpost 0.020812277 58 281 88 467
goalpost 0.020737356 305 417 348 480
goalpost 0.020593066 228 283 267 378
goalpost 0.020482536 71 279 131 379
goalpost 0.020366754 309 393 371 480
goalpost 0.02025515 418 211 461 373
goalpost 0.020201683 334 0 502 121
goalpost 0.0201811 583 401 614 480
goalpost 0.020002259 0 0 134 480
goalpost 0.019923374 56 271 117 368
goalpost 0.0198322 0 0 30 167
goalpost 0.019693544 54 339 87 480
goalpost 0.019679297 519 0 555 19
goalpost 0.019526646 623 228 640 386
goalpost 0.019349817 604 70 640 238
goalpost 0.019178176 178 199 242 349
goalpost 0.019018415 537 61 568 151
goalpost 0.01900326 0 279 26 337
goalpost 0.018935174 546 380 592 480
goalpost 0.018885901 617 188 640 405
goalpost 0.018732518 322 385 361 469
goalpost 0.01855594 617 404 640 480
goalpost 0.018408448 177 162 243 305
