goalpost 0.34606433 437 0 488 102
goalpost 0.31132677 468 0 521 119
goalpost 0.23329525 608 3 630 17
goalpost 0.1930804 500 1 549 109
goalpost 0.18783323 237 0 260 21
goalpost 0.15519185 418 0 591 141
goalpost 0.13878936 347 60 391 228
goalpost 0.13731095 404 0 474 96
goalpost 0.13596699 401 3 504 229
goalpost 0.13381152 604 18 637 81
goalpost 0.13309802 13 0 67 119
goalpost 0.12601879 3 0 39 129
goalpost 0.115710266 584 0 612 11
goalpost 0.11498179 0 138 10 276
goalpost 0.10620985 466 0 595 338
goalpost 0.10449868 442 22 640 480
goalpost 0.095820755 541 3 570 22
goalpost 0.094558604 150 4 253 216
goalpost 0.09409867 358 0 553 217
goalpost 0.09318953 602 66 634 96
goalpost 0.09222525 0 0 87 206
goalpost 0.08941621 306 42 433 397
goalpost 0.085156836 607 91 637 190
goalpost 0.08170977 370 0 478 183
goalpost 0.07814491 35 0 189 146
goalpost 0.074353606 412 23 461 146
goalpost 0.069654725 248 1 270 19
goalpost 0.06927767 375 30 408 190
goalpost 0.06908379 480 0 623 119
goalpost 0.06854664 406 7 465 56
goalpost 0.068403274 96 119 129 229
goalpost 0.06713334 514 10 546 48
goalpost 0.06581283 58 1 94 120
goalpost 0.06428118 355 0 512 463
goalpost 0.06069449 442 30 480 117
goalpost 0.060442556 1 72 27 174
goalpost 0.059039053 574 16 621 86
goalpost 0.058640163 13 0 131 207
goalpost 0.05824651 613 96 639 290
goalpost 0.058031682 415 82 575 472
goalpost 0.05779278 30 64 63 122
goalpost 0.05573292 528 3 640 206
goalpost 0.054619253 287 0 348 279
goalpost 0.05454048 612 455 634 480
goalpost 0.053086843 511 31 617 358
goalpost 0.052741952 0 37 54 308
goalpost 0.05256235 314 179 368 331
goalpost 0.052304886 91 39 163 348
goalpost 0.05168545 348 0 437 191
goalpost 0.050169874 62 7 94 41
goalpost 0.050078303 445 0 560 216
goalpost 0.049800646 534 6 577 99
goalpost 0.04898942 502 0 607 242
goalpost 0.047444396 329 180 390 355
goalpost 0.04727775 117 3 208 206
goalpost 0.046891246 379 2 435 48
goalpost 0.046611246 470 7 514 46
goalpost 0.045617428 565 7 640 272
goalpost 0.0452454 331 117 474 338
goalpost 0.044406295 0 120 16 261
goalpost 0.04207953 295 7 389 295
goalpost 0.04155581 615 0 640 145
goalpost 0.041506812 269 94 398 438
goalpost 0.04123351 0 5 30 59
goalpost 0.040796734 197 0 228 21
goalpost 0.040348418 128 149 219 360
goalpost 0.040235657 322 68 367 245
goalpost 0.039711278 540 70 581 220
goalpost 0.038186196 94 16 123 51
goalpost 0.037790533 57 44 127 362
goalpost 0.03737273 13 102 93 403
goalpost 0.037293334 27 3 62 44
goalpost 0.037269115 512 466 537 480
goalpost 0.036188476 545 467 569 480
goalpost 0.035560034 264 21 326 289
goalpost 0.03546181 122 69 204 320
goalpost 0.035374682 248 12 363 366
goalpost 0.035095885 70 121 146 405
goalpost 0.033578567 377 0 443 89
goalpost 0.032692656 126 16 156 48
goalpost 0.03222403 296 117 362 406
goalpost 0.031980023 544 101 640 480
goalpost 0.031302076 480 463 505 480
goalpost 0.030709978 576 463 601 480
goalpost 0.030703362 383 31 459 250
goalpost 0.03017824 215 168 370 480
goalpost 0.030173626 551 57 640 356
goalpost 0.030074665 0 422 27 480
goalpost 0.02990551 203 277 356 480
goalpost 0.029836148 229 0 371 138
goalpost 0.029794218 574 0 640 122
goalpost 0.029395178 354 160 640 480
goalpost 0.028938472 418 46 454 111
goalpost 0.02863824 158 8 192 38
goalpost 0.028626682 61 0 152 208
goalpost 0.028386537 189 0 287 250
goalpost 0.027473029 280 132 470 480
goalpost 0.02742158 593 31 640 371
goalpost 0.027361011 241 159 330 455
goalpost 0.026944136 324 121 552 404
