goalpost 0.101967104 35 58 75 141
goalpost 0.09517209 161 398 204 478
goalpost 0.08034702 0 137 16 199
goalpost 0.06633405 0 8 13 66
goalpost 0.059004348 477 0 640 380
goalpost 0.058854263 1 17 14 117
goalpost 0.0544508 152 382 213 474
goalpost 0.047592353 148 406 194 480
goalpost 0.046296533 1 0 13 77
goalpost 0.045403685 35 41 76 120
goalpost 0.044606365 0 32 14 151
goalpost 0.04303839 0 19 17 69
goalpost 0.041180782 0 52 17 130
goalpost 0.03980407 53 11 88 83
goalpost 0.039125517 0 0 14 45
goalpost 0.038630422 391 33 601 318
goalpost 0.038623784 31 54 79 171
goalpost 0.036394995 167 367 200 465
goalpost 0.03356589 0 74 14 184
goalpost 0.03302604 0 28 17 107
goalpost 0.03270054 162 354 205 480
goalpost 0.032394353 0 105 17 186
goalpost 0.031747166 0 125 22 182
goalpost 0.031154744 0 157 18 213
goalpost 0.03031638 167 0 201 21
goalpost 0.030315064 0 108 14 207
goalpost 0.029810583 44 42 68 162
goalpost 0.02954988 51 28 87 107
goalpost 0.029461091 333 0 501 230
goalpost 0.02894402 265 393 326 480
goalpost 0.02865999 161 337 209 398
goalpost 0.028428564 374 0 588 235
goalpost 0.027515799 627 0 640 50
goalpost 0.026464544 360 262 391 369
goalpost 0.026363393 153 0 186 20
goalpost 0.026278168 390 0 558 175
goalpost 0.025961872 430 20 640 405
goalpost 0.02582474 603 0 632 15
goalpost 0.025164297 165 407 198 480
goalpost 0.025031608 341 328 467 480
goalpost 0.024651753 148 391 195 463
goalpost 0.024596242 351 254 399 374
goalpost 0.024385007 153 410 212 480
goalpost 0.024135988 0 71 22 135
goalpost 0.02383066 0 147 15 218
goalpost 0.023764892 534 295 579 480
goalpost 0.023521516 39 27 70 201
goalpost 0.023274954 338 0 502 127
goalpost 0.022962976 141 368 203 468
goalpost 0.022843465 0 0 45 66
goalpost 0.02281185 39 9 76 84
goalpost 0.022755485 0 72 17 158
goalpost 0.022368098 0 414 22 480
goalpost 0.02188883 0 352 59 480
goalpost 0.021576582 393 0 557 115
goalpost 0.02103369 169 373 220 480
goalpost 0.021010004 619 0 640 23
goalpost 0.020972889 0 302 97 480
goalpost 0.020737415 585 0 617 13
goalpost 0.02071949 8 421 42 478
goalpost 0.02066257 626 70 640 175
goalpost 0.020631367 375 263 405 368
goalpost 0.02035518 95 34 241 177
goalpost 0.020281872 3 135 33 191
goalpost 0.020271637 336 254 385 379
goalpost 0.020205682 379 324 480 480
goalpost 0.02010767 543 191 640 480
goalpost 0.019978749 49 48 86 129
goalpost 0.019948512 279 0 445 236
goalpost 0.019621504 0 351 86 480
goalpost 0.019548953 64 383 79 477
goalpost 0.019478904 281 401 341 480
goalpost 0.019456485 172 402 217 470
goalpost 0.019402731 44 16 92 121
goalpost 0.019390306 87 68 241 225
goalpost 0.019295298 0 193 16 317
goalpost 0.019235047 360 269 420 367
goalpost 0.019144272 182 0 217 20
goalpost 0.019092873 159 338 210 452
goalpost 0.0190543 213 85 274 213
goalpost 0.019003164 416 342 463 463
goalpost 0.018829765 0 0 30 157
goalpost 0.018743193 249 28 278 243
goalpost 0.018723616 174 334 221 399
goalpost 0.018645087 22 64 64 136
goalpost 0.018498385 0 207 19 299
goalpost 0.01841225 568 0 601 15
goalpost 0.018279957 137 0 169 18
goalpost 0.018265532 0 165 15 262
goalpost 0.018205522 431 331 476 453
goalpost 0.018192383 215 0 249 22
goalpost 0.018148081 626 0 640 33
goalpost 0.018133573 276 404 316 480
goalpost 0.017942552 0 336 80 480
goalpost 0.01780443 1 392 16 480
goalpost 0.017738244 270 358 319 479
goalpost 0.017728137 380 350 477 480
goalpost 0.01771356 5 18 30 71
goalpost 0.017701358 292 0 535 280
goalpost 0.017556697 499 0 640 480
