goalpost 0.48423645 467 0 536 182
goalpost 0.40498322 443 4 591 214
goalpost 0.301339 401 0 535 203
goalpost 0.20625243 66 4 88 28
goalpost 0.18920827 345 0 498 197
goalpost 0.15827335 527 0 586 109
goalpost 0.15728593 620 0 640 26
goalpost 0.15395777 0 37 25 212
goalpost 0.15168507 40 1 66 20
goalpost 0.14082061 503 0 639 204
goalpost 0.13497221 487 0 564 149
goalpost 0.12056421 370 0 581 137
goalpost 0.116131626 539 9 575 40
goalpost 0.112404905 439 0 509 136
goalpost 0.10971213 445 32 513 188
goalpost 0.10824166 66 9 103 90
goalpost 0.10639302 0 0 83 199
goalpost 0.106000006 405 0 558 330
goalpost 0.10481421 16 263 59 338
goalpost 0.10286249 266 9 402 181
goalpost 0.100163795 0 15 27 49
goalpost 0.09361543 82 24 127 149
goalpost 0.08513666 237 283 268 338
goalpost 0.0816677 338 0 406 30
goalpost 0.080953404 67 20 108 167
goalpost 0.08083734 409 41 466 165
goalpost 0.07982001 444 0 640 153
goalpost 0.0773257 167 5 187 25
goalpost 0.076272145 505 13 552 65
goalpost 0.07277392 607 62 638 153
goalpost 0.072118066 571 0 605 24
goalpost 0.07121945 476 12 521 71
goalpost 0.07003303 449 4 490 73
goalpost 0.066820644 570 45 620 151
goalpost 0.06618006 7 334 30 390
goalpost 0.06582157 412 0 460 52
goalpost 0.06542699 404 0 473 95
goalpost 0.06504778 255 340 280 398
goalpost 0.0617372 145 34 201 161
goalpost 0.061375402 238 322 259 396
goalpost 0.059935484 65 6 156 216
goalpost 0.055861406 371 0 425 47
goalpost 0.055656523 610 422 640 480
goalpost 0.055061445 390 18 511 125
goalpost 0.054204967 308 0 377 16
goalpost 0.053946175 611 197 634 363
goalpost 0.050856203 139 7 162 25
goalpost 0.050738655 20 297 60 355
goalpost 0.04967108 294 0 454 186
goalpost 0.048957136 91 3 115 24
goalpost 0.047433913 190 3 220 17
goalpost 0.046873856 122 24 169 156
goalpost 0.046432164 377 12 416 182
goalpost 0.044628166 180 311 191 343
goalpost 0.043069556 31 24 103 247
goalpost 0.04274364 225 6 260 16
goalpost 0.041795578 93 9 180 161
goalpost 0.040591694 244 29 335 179
goalpost 0.04042895 366 0 432 90
goalpost 0.040145252 581 343 640 480
goalpost 0.039976288 8 370 30 430
goalpost 0.03989706 204 319 219 368
goalpost 0.03901388 471 101 522 203
goalpost 0.038747918 579 0 640 203
goalpost 0.038643565 605 3 640 204
goalpost 0.038583983 240 311 261 343
goalpost 0.036771525 282 352 311 380
goalpost 0.03633429 0 183 51 470
goalpost 0.03599177 164 23 185 85
goalpost 0.03594768 524 41 577 173
goalpost 0.034676168 1 428 27 480
goalpost 0.03399973 61 0 179 130
goalpost 0.033423662 133 17 233 211
goalpost 0.033178743 560 2 614 93
goalpost 0.031244418 24 333 56 385
goalpost 0.03101338 248 5 299 15
goalpost 0.0303829 198 320 212 354
goalpost 0.02953996 469 44 640 266
goalpost 0.029193815 5 294 44 363
goalpost 0.028484795 601 373 640 480
goalpost 0.028269695 555 0 640 128
goalpost 0.027554372 399 249 414 339
goalpost 0.027264334 132 323 143 360
goalpost 0.027176883 2 178 35 318
goalpost 0.026660042 350 4 381 197
goalpost 0.026630156 13 0 133 171
goalpost 0.026225599 4 385 27 480
goalpost 0.026218103 209 271 281 463
goalpost 0.025941076 419 67 460 196
goalpost 0.02447448 25 360 54 430
goalpost 0.024462735 130 342 142 376
goalpost 0.023848953 187 0 308 184
goalpost 0.023792075 111 346 125 383
goalpost 0.02378606 527 318 640 480
goalpost 0.02377004 114 0 211 278
goalpost 0.023395697 335 0 408 96
goalpost 0.023000991 282 2 346 16
goalpost 0.022810016 0 230 120 402
goalpost 0.022528306 0 0 55 303
