goalpost 0.7560846 319 2 362 94
goalpost 0.74124694 3 35 18 82
goalpost 0.47014436 510 0 529 23
goalpost 0.28332973 71 42 84 73
goalpost 0.20825444 500 0 518 21
goalpost 0.16187374 65 38 84 116
goalpost 0.16046399 0 45 22 153
goalpost 0.13611859 130 1 146 44
goalpost 0.12462287 279 1 360 89
goalpost 0.12356779 425 4 438 31
goalpost 0.12071944 233 0 342 175
goalpost 0.11955809 440 78 476 190
goalpost 0.11354186 6 163 29 314
goalpost 0.11127886 276 0 391 163
goalpost 0.098598905 318 0 470 112
goalpost 0.09656383 254 5 304 51
goalpost 0.09507026 204 346 214 381
goalpost 0.09393223 3 2 20 43
goalpost 0.093455195 268 0 389 254
goalpost 0.087430894 21 162 68 294
goalpost 0.087029666 398 2 411 26
goalpost 0.083846495 280 9 340 61
goalpost 0.08339913 102 44 116 60
goalpost 0.082948744 0 78 27 178
goalpost 0.08211141 169 352 181 376
goalpost 0.076828584 130 41 142 60
goalpost 0.07677427 288 387 319 480
goalpost 0.07267941 549 3 568 16
goalpost 0.07081633 451 24 468 81
goalpost 0.06485164 35 40 53 69
goalpost 0.064799204 35 8 54 37
goalpost 0.06457291 383 17 498 176
goalpost 0.06433739 611 446 635 480
goalpost 0.05954388 339 6 364 55
goalpost 0.057674352 579 0 595 12
goalpost 0.056512654 238 0 479 151
goalpost 0.055321727 109 4 127 35
goalpost 0.052643478 620 103 639 149
goalpost 0.052443538 415 80 448 204
goalpost 0.05205667 626 1 640 20
goalpost 0.04887793 454 4 467 27
goalpost 0.048712533 6 360 18 393
goalpost 0.048246678 53 177 92 286
goalpost 0.04764799 200 1 216 42
goalpost 0.047012046 434 7 451 71
goalpost 0.046622153 0 0 42 227
goalpost 0.043413687 293 370 321 472
goalpost 0.042358786 454 0 541 218
goalpost 0.04099498 615 157 638 191
goalpost 0.039683126 514 18 533 45
goalpost 0.038443133 74 7 91 44
goalpost 0.037036758 34 47 59 116
goalpost 0.03533044 4 238 24 335
goalpost 0.03527975 269 12 360 212
goalpost 0.03443896 28 44 66 135
goalpost 0.03430826 30 377 54 424
goalpost 0.034063816 258 383 293 480
goalpost 0.033528525 95 373 116 415
goalpost 0.033465065 10 377 27 427
goalpost 0.03322558 296 365 319 418
goalpost 0.03320863 166 3 184 51
goalpost 0.032772347 315 79 352 210
goalpost 0.032279477 100 361 114 385
goalpost 0.031428628 230 338 242 388
goalpost 0.03105975 0 0 81 186
goalpost 0.03099681 57 0 176 115
goalpost 0.030778635 25 0 85 289
goalpost 0.030720133 416 0 489 241
goalpost 0.030666765 614 189 640 426
goalpost 0.030178186 306 385 344 475
goalpost 0.029821899 100 0 185 210
goalpost 0.029127749 34 365 52 392
goalpost 0.029110711 294 334 322 395
goalpost 0.029020822 608 113 640 425
goalpost 0.028828891 138 356 151 378
goalpost 0.027288044 23 378 59 463
goalpost 0.02705924 0 43 42 342
goalpost 0.027039267 72 365 88 389
goalpost 0.02591812 557 332 640 480
goalpost 0.02588091 1 378 23 478
goalpost 0.025502654 314 413 346 480
goalpost 0.025118602 483 291 617 480
goalpost 0.025093317 399 0 480 126
goalpost 0.024570134 115 0 227 105
goalpost 0.024326075 267 0 379 97
goalpost 0.022278842 342 0 430 184
goalpost 0.02186595 62 15 146 197
goalpost 0.021844583 32 0 119 175
goalpost 0.020770364 91 193 124 281
goalpost 0.020365043 233 3 265 40
goalpost 0.020259952 96 57 116 97
goalpost 0.02022531 0 0 125 152
goalpost 0.019961903 171 41 183 59
goalpost 0.019802118 169 338 180 360
goalpost 0.019713111 616 177 640 308
goalpost 0.019556548 274 288 344 480
goalpost 0.019406397 322 295 346 332
goalpost 0.019248432 66 377 90 416
goalpost 0.01915906 510 111 615 450
