goalpost 0.30449116 3 0 92 77
goalpost 0.26268584 465 0 618 176
goalpost 0.22384782 386 0 543 193
goalpost 0.21090129 456 245 472 281
goalpost 0.20286211 545 2 587 34
goalpost 0.1789645 0 117 33 336
goalpost 0.17686242 431 11 516 106
goalpost 0.14759004 268 199 283 221
goalpost 0.14265448 530 6 594 100
goalpost 0.13938005 443 0 498 22
goalpost 0.13768281 491 6 575 117
goalpost 0.12735681 0 91 69 351
goalpost 0.12579447 393 234 406 261
goalpost 0.12289842 432 260 445 283
goalpost 0.12112079 348 14 490 201
goalpost 0.12021643 512 0 640 138
goalpost 0.11761304 185 0 367 115
goalpost 0.11305296 513 222 539 300
goalpost 0.11098078 0 0 48 64
goalpost 0.10492014 538 211 577 332
goalpost 0.10328414 611 147 640 276
goalpost 0.098842494 0 0 69 218
goalpost 0.09535149 486 236 509 306
goalpost 0.095212445 7 0 163 150
goalpost 0.09418521 509 234 548 335
goalpost 0.093471654 511 205 532 263
goalpost 0.09077615 485 253 519 353
goalpost 0.09035381 617 6 640 36
goalpost 0.09007196 396 254 409 284
goalpost 0.08750821 35 0 112 78
goalpost 0.083593264 488 0 623 315
goalpost 0.08346156 258 0 417 126
goalpost 0.083210856 24 86 115 327
goalpost 0.0803461 561 2 601 33
goalpost 0.0772237 92 143 131 247
goalpost 0.07565081 126 2 162 19
goalpost 0.07493794 368 233 380 262
goalpost 0.07386586 238 196 253 226
goalpost 0.0736665 466 0 522 20
goalpost 0.07299888 532 35 589 178
goalpost 0.07020493 503 0 554 17
goalpost 0.06834983 289 208 305 242
goalpost 0.06834882 550 206 575 293
goalpost 0.06639054 297 246 310 290
goalpost 0.06547789 611 235 635 332
goalpost 0.06514343 515 29 556 175
goalpost 0.06469393 577 186 605 286
goalpost 0.06419 122 0 262 109
goalpost 0.06360741 326 249 339 294
goalpost 0.06345672 516 12 640 251
goalpost 0.062235847 89 2 137 25
goalpost 0.061918244 324 0 455 127
goalpost 0.059143696 426 263 444 329
goalpost 0.05890065 128 149 166 210
goalpost 0.058244918 296 225 308 255
goalpost 0.05732161 14 124 73 282
goalpost 0.0559229 486 381 640 480
goalpost 0.055867948 39 0 212 106
goalpost 0.05567694 455 258 479 326
goalpost 0.053951982 573 78 640 421
goalpost 0.05362266 553 338 640 480
goalpost 0.05341912 160 161 189 211
goalpost 0.053268082 89 0 245 174
goalpost 0.051159587 434 197 512 447
goalpost 0.050945044 399 0 514 130
goalpost 0.05051451 153 0 203 22
goalpost 0.050425284 389 269 405 341
goalpost 0.049398698 600 0 640 163
goalpost 0.049071576 559 42 622 224
goalpost 0.04730089 416 0 462 15
goalpost 0.046671294 270 213 284 244
goalpost 0.04610834 426 242 443 264
goalpost 0.045367114 352 300 381 376
goalpost 0.045329776 54 134 103 287
goalpost 0.04521771 579 0 640 266
goalpost 0.045035515 482 186 561 447
goalpost 0.044715997 608 397 636 480
goalpost 0.043493055 574 216 603 325
goalpost 0.043224294 460 3 525 146
goalpost 0.043120537 405 11 484 103
goalpost 0.042626128 549 0 613 78
goalpost 0.042426676 539 0 640 343
goalpost 0.04241531 0 111 96 298
goalpost 0.041688483 492 186 609 362
goalpost 0.04159616 519 284 640 478
goalpost 0.04073313 532 0 636 216
goalpost 0.040481318 492 295 568 427
goalpost 0.039415035 323 271 340 314
goalpost 0.03932365 484 193 623 480
goalpost 0.038357392 180 0 238 30
goalpost 0.03828434 604 219 640 480
goalpost 0.037515085 478 268 526 403
goalpost 0.0365321 9 385 129 480
goalpost 0.036247663 79 160 133 280
goalpost 0.035670456 534 378 640 480
goalpost 0.03528929 0 361 69 480
goalpost 0.035091557 450 241 473 266
goalpost 0.03484567 126 465 164 480
goalpost 0.034585483 520 312 588 427
