goalpost 0.24794738 211 264 264 396
goalpost 0.24021631 542 0 581 88
goalpost 0.21713878 472 1 525 93
goalpost 0.19797692 511 62 559 218
goalpost 0.16540283 185 258 243 426
goalpost 0.13621894 426 0 539 199
goalpost 0.12643486 36 176 73 232
goalpost 0.11730254 52 185 90 219
goalpost 0.1124651 348 8 464 198
goalpost 0.107731394 223 254 243 315
goalpost 0.09213074 442 0 491 93
goalpost 0.092013136 172 223 264 480
goalpost 0.089060135 498 203 557 347
goalpost 0.0882119 460 0 598 205
goalpost 0.08817644 409 1 462 30
goalpost 0.082100734 461 0 640 117
goalpost 0.080113724 625 2 640 103
goalpost 0.07963061 169 254 314 436
goalpost 0.07917071 529 75 569 266
goalpost 0.07530577 204 256 228 308
goalpost 0.074949495 19 249 67 339
goalpost 0.074575454 3 266 38 360
goalpost 0.07433774 0 239 22 306
goalpost 0.07389037 334 28 346 70
goalpost 0.07352127 526 150 574 299
goalpost 0.07161605 505 0 553 118
goalpost 0.07076728 440 1 486 53
goalpost 0.068305984 0 202 15 268
goalpost 0.06512665 203 231 350 405
goalpost 0.06439186 132 286 155 326
goalpost 0.06332695 393 121 597 480
goalpost 0.06267706 0 418 28 480
goalpost 0.062332388 493 0 597 328
goalpost 0.06195906 235 270 290 410
goalpost 0.06127127 129 287 162 368
goalpost 0.05904339 512 164 559 311
goalpost 0.05876676 534 0 640 155
goalpost 0.05857826 262 239 346 477
goalpost 0.058246184 4 0 89 93
goalpost 0.057137147 0 176 21 254
goalpost 0.056808155 292 4 312 17
goalpost 0.056792907 381 0 433 14
goalpost 0.055636585 491 2 550 363
goalpost 0.054110914 32 218 71 298
goalpost 0.053373966 403 0 491 222
goalpost 0.053249966 189 262 228 356
goalpost 0.05322031 137 218 226 480
goalpost 0.052766368 432 7 591 132
goalpost 0.051988002 229 287 329 480
goalpost 0.05022139 166 270 204 376
goalpost 0.04980622 416 185 593 409
goalpost 0.04966767 294 236 313 306
goalpost 0.049270906 331 3 352 18
goalpost 0.048436232 0 55 95 392
goalpost 0.047450017 372 333 555 480
goalpost 0.046492 13 0 163 120
goalpost 0.045084447 12 268 72 379
goalpost 0.044251826 4 44 240 191
goalpost 0.043969896 0 0 76 164
goalpost 0.04396745 560 1 596 91
goalpost 0.043680314 166 249 295 480
goalpost 0.043557707 91 190 118 218
goalpost 0.042848244 448 365 600 480
goalpost 0.04271405 473 40 521 159
goalpost 0.04243949 365 141 452 429
goalpost 0.042148095 479 466 512 480
goalpost 0.04110286 157 36 271 202
goalpost 0.038555585 15 6 71 61
goalpost 0.03721951 0 375 74 480
goalpost 0.036667924 212 343 262 480
goalpost 0.0361057 94 75 258 216
goalpost 0.036025774 477 140 611 365
goalpost 0.035706688 453 76 570 389
goalpost 0.03564382 98 185 125 204
goalpost 0.03563987 283 10 410 131
goalpost 0.035370804 4 121 24 168
goalpost 0.03496619 506 7 550 60
goalpost 0.034757856 354 0 390 14
goalpost 0.03458105 189 141 284 381
goalpost 0.034441452 0 384 19 480
goalpost 0.034438692 33 111 129 392
goalpost 0.034091827 302 272 395 422
goalpost 0.03391718 0 383 128 480
goalpost 0.03376275 14 88 82 150
goalpost 0.03352526 4 297 32 422
goalpost 0.033080462 40 390 75 479
goalpost 0.032867894 213 258 282 475
goalpost 0.032086294 206 43 306 206
goalpost 0.031774215 35 409 72 480
goalpost 0.031365287 222 230 242 273
goalpost 0.031249065 0 2 45 57
goalpost 0.030263696 289 282 313 309
goalpost 0.030132193 26 123 69 160
goalpost 0.029460166 445 468 479 480
goalpost 0.029390318 132 196 152 222
goalpost 0.029163655 56 419 92 480
goalpost 0.028959235 46 196 90 268
goalpost 0.028600361 511 74 589 401
goalpost 0.028316949 469 204 538 351
goalpost 0.027676797 322 7 396 245
