goalpost 0.587242 0 6 31 77
goalpost 0.32236633 468 0 640 355
goalpost 0.30070576 39 0 253 327
goalpost 0.24216582 528 0 635 250
goalpost 0.21755144 14 2 72 154
goalpost 0.20322487 564 2 607 27
goalpost 0.20266353 0 37 227 253
goalpost 0.1951678 165 2 187 27
goalpost 0.18970236 502 39 640 417
goalpost 0.1760372 3 10 35 157
goalpost 0.16994502 548 4 589 87
goalpost 0.16684873 19 16 57 89
goalpost 0.16596644 554 2 582 29
goalpost 0.16484785 450 92 627 437
goalpost 0.14990914 127 0 278 316
goalpost 0.14080726 45 44 111 193
goalpost 0.13751666 0 0 64 254
goalpost 0.13484366 557 5 617 90
goalpost 0.13345146 361 1 376 15
goalpost 0.12431784 412 100 640 351
goalpost 0.124281704 87 52 141 235
goalpost 0.117280714 559 0 640 185
goalpost 0.115698725 109 39 176 236
goalpost 0.11490937 595 9 640 271
goalpost 0.1144624 79 35 323 248
goalpost 0.103878655 390 1 404 12
goalpost 0.09884048 265 0 283 24
goalpost 0.098390825 44 247 227 432
goalpost 0.09661985 90 10 212 247
goalpost 0.09452006 49 0 152 292
goalpost 0.09426204 327 0 344 19
goalpost 0.0928843 143 3 167 29
goalpost 0.092454344 147 4 211 233
goalpost 0.09056845 0 0 85 274
goalpost 0.08930411 599 18 638 68
goalpost 0.089191094 100 8 125 30
goalpost 0.088747434 292 0 311 23
goalpost 0.087771505 569 0 640 349
goalpost 0.08764642 464 3 481 28
goalpost 0.085005246 178 210 229 335
goalpost 0.078385435 602 181 640 321
goalpost 0.07671097 167 12 242 186
goalpost 0.07665508 557 0 619 192
goalpost 0.07533488 0 68 142 389
goalpost 0.07395858 187 1 218 23
goalpost 0.07278748 0 0 134 155
goalpost 0.07018344 155 178 201 312
goalpost 0.067365624 425 17 557 346
goalpost 0.06731976 468 0 557 246
goalpost 0.06703977 177 0 314 272
goalpost 0.06665038 603 234 640 344
goalpost 0.06652766 18 0 130 203
goalpost 0.0661303 481 3 500 32
goalpost 0.06604884 0 196 89 411
goalpost 0.06602019 517 0 552 72
goalpost 0.063454136 110 64 213 384
goalpost 0.06103526 559 314 617 382
goalpost 0.060607802 119 178 166 264
goalpost 0.06046072 423 3 437 19
goalpost 0.060009662 86 0 301 168
goalpost 0.059730284 9 226 142 472
goalpost 0.058795568 225 0 248 27
goalpost 0.056872584 0 426 20 480
goalpost 0.056283236 35 343 69 429
goalpost 0.054567818 525 0 545 33
goalpost 0.053957686 67 22 91 47
goalpost 0.05343283 562 283 616 354
goalpost 0.052536886 54 270 102 376
goalpost 0.050976384 103 27 130 83
goalpost 0.05042327 450 193 640 423
goalpost 0.049844176 151 170 253 462
goalpost 0.049568933 160 0 196 70
goalpost 0.04853721 60 28 86 111
goalpost 0.04764108 533 280 582 366
goalpost 0.045076974 5 149 41 276
goalpost 0.04460153 556 117 624 309
goalpost 0.044312604 505 43 568 245
goalpost 0.04307661 21 14 51 57
goalpost 0.042495508 68 0 171 200
goalpost 0.041237775 615 390 636 480
goalpost 0.039050926 499 0 587 212
goalpost 0.038796384 634 0 640 134
goalpost 0.03839496 12 294 107 480
goalpost 0.038003564 116 224 171 327
goalpost 0.037331957 5 339 27 440
goalpost 0.037203964 66 290 182 475
goalpost 0.036414128 21 125 74 278
goalpost 0.03580963 194 31 279 350
goalpost 0.035375487 55 346 87 387
goalpost 0.035257697 47 96 107 243
goalpost 0.035204764 194 8 328 174
goalpost 0.034278773 258 1 459 266
goalpost 0.03264565 355 5 380 82
goalpost 0.032569382 557 202 625 326
goalpost 0.031004066 56 353 85 427
goalpost 0.030874567 602 287 640 385
goalpost 0.030870652 181 127 232 301
goalpost 0.030683693 267 0 363 219
goalpost 0.030428704 524 31 598 294
goalpost 0.029663675 36 337 72 388
