goalpost 0.62782305 500 4 549 84
goalpost 0.37368017 149 4 192 80
goalpost 0.32965273 622 124 640 220
goalpost 0.27587482 491 42 601 328
goalpost 0.25400144 124 0 171 80
goalpost 0.22402251 96 0 132 49
goalpost 0.2173366 488 10 530 85
goalpost 0.20765024 568 5 599 86
goalpost 0.18385036 538 2 590 81
goalpost 0.1783793 506 4 541 51
goalpost 0.17557459 475 91 514 272
goalpost 0.16164392 415 100 586 398
goalpost 0.13225032 43 0 154 203
goalpost 0.13195993 233 121 263 223
goalpost 0.12492324 476 0 629 272
goalpost 0.11739576 494 110 552 305
goalpost 0.10289662 426 0 640 158
goalpost 0.10127918 0 0 77 211
goalpost 0.10058074 438 9 532 273
goalpost 0.09325531 622 116 640 316
goalpost 0.09267144 97 0 210 194
goalpost 0.09219872 181 6 230 86
goalpost 0.0891982 492 73 552 220
goalpost 0.08708193 15 12 130 191
goalpost 0.08499749 498 39 544 102
goalpost 0.084974274 246 125 278 217
goalpost 0.08492812 484 58 528 256
goalpost 0.08356973 487 0 585 193
goalpost 0.0821995 426 49 446 83
goalpost 0.080141105 222 10 253 33
goalpost 0.079550415 486 10 640 230
goalpost 0.077536106 284 195 323 330
goalpost 0.07727135 530 132 580 305
goalpost 0.07514992 611 3 635 97
goalpost 0.07277252 468 12 555 193
goalpost 0.06990765 465 38 556 347
goalpost 0.068607576 409 80 635 289
goalpost 0.068142876 448 185 602 449
goalpost 0.06599612 190 6 228 41
goalpost 0.065688744 123 241 167 336
goalpost 0.06409457 0 4 18 168
goalpost 0.06336649 489 4 524 31
goalpost 0.063210756 236 128 289 289
goalpost 0.061759476 113 0 281 123
goalpost 0.05511061 524 0 640 145
goalpost 0.054513905 616 343 640 424
goalpost 0.05431787 450 2 480 18
goalpost 0.053569563 456 21 483 80
goalpost 0.052898612 433 84 523 382
goalpost 0.051956378 615 74 638 196
goalpost 0.0516141 251 11 283 29
goalpost 0.051303614 69 1 110 26
goalpost 0.050525352 448 100 494 263
goalpost 0.049008016 536 89 597 363
goalpost 0.048446827 488 43 523 130
goalpost 0.046425626 395 210 521 461
goalpost 0.04447802 0 16 20 88
goalpost 0.04446483 189 95 215 168
goalpost 0.04397289 390 25 476 260
goalpost 0.043955505 228 158 271 309
goalpost 0.043591708 156 55 186 92
goalpost 0.043162093 290 124 325 213
goalpost 0.042694457 426 39 448 66
goalpost 0.042448647 195 121 222 213
goalpost 0.042190764 480 71 631 424
goalpost 0.041809972 219 20 255 73
goalpost 0.04165332 82 227 258 421
goalpost 0.04154405 8 234 31 321
goalpost 0.04142023 150 0 263 184
goalpost 0.04133391 575 51 600 108
goalpost 0.041132905 422 5 452 21
goalpost 0.04068782 452 46 504 199
goalpost 0.040412575 252 248 301 382
goalpost 0.040103715 57 189 94 274
goalpost 0.03896285 0 156 81 398
goalpost 0.03876425 119 229 218 386
goalpost 0.03800194 64 186 85 241
goalpost 0.037870165 320 8 353 22
goalpost 0.0375521 584 0 640 116
goalpost 0.03715186 498 234 554 370
goalpost 0.03592149 13 208 196 427
goalpost 0.035695028 392 58 419 85
goalpost 0.03565418 325 42 348 62
goalpost 0.0349768 161 39 198 143
goalpost 0.034923058 455 41 478 95
goalpost 0.033775833 388 105 476 399
goalpost 0.032233898 169 206 279 408
goalpost 0.031649094 398 47 418 63
goalpost 0.031355247 142 165 245 438
goalpost 0.031234499 615 420 636 480
goalpost 0.03093863 555 40 640 208
goalpost 0.030908331 281 169 318 277
goalpost 0.030666 290 12 324 26
goalpost 0.029834215 7 212 32 286
goalpost 0.0295801 253 37 279 61
goalpost 0.029504173 285 241 319 358
goalpost 0.029260866 581 91 640 480
goalpost 0.028827129 466 221 531 370
goalpost 0.02856229 89 357 228 480
goalpost 0.02848741 190 0 282 184
