goalpost 0.4320622 61 0 92 11
goalpost 0.24965324 42 1 67 18
goalpost 0.21317764 6 0 23 21
goalpost 0.19307332 452 0 480 14
goalpost 0.17329222 189 0 207 12
goalpost 0.16700894 179 0 194 14
goalpost 0.1661813 405 0 439 42
goalpost 0.14785938 289 0 429 198
goalpost 0.13594685 0 274 43 366
goalpost 0.12910214 387 0 430 41
goalpost 0.119023755 354 0 458 199
goalpost 0.10747742 472 0 496 6
goalpost 0.106930286 345 1 384 30
goalpost 0.10531475 214 0 465 252
goalpost 0.09299565 314 0 490 171
goalpost 0.092075616 88 0 112 10
goalpost 0.09171149 2 410 25 480
goalpost 0.08496476 318 0 361 15
goalpost 0.062443096 0 0 82 194
goalpost 0.057224557 268 274 331 378
goalpost 0.055503674 389 0 528 358
goalpost 0.05384656 343 2 398 70
goalpost 0.052933373 212 21 309 225
goalpost 0.05189378 262 23 358 214
goalpost 0.050992254 277 0 333 148
goalpost 0.049258348 191 86 338 406
goalpost 0.048363056 618 267 640 390
goalpost 0.04747344 413 121 616 453
goalpost 0.04626169 172 0 370 284
goalpost 0.04544309 613 14 640 77
goalpost 0.045399167 57 12 98 87
goalpost 0.044145945 335 352 450 480
goalpost 0.04313087 407 0 513 205
goalpost 0.042731117 257 200 402 395
goalpost 0.042462945 311 0 363 94
goalpost 0.041925468 378 1 437 66
goalpost 0.04058066 516 0 538 5
goalpost 0.03941341 615 16 640 220
goalpost 0.039312296 281 272 312 321
goalpost 0.039102945 137 0 154 6
goalpost 0.03885819 0 199 50 480
goalpost 0.038783282 285 0 325 113
goalpost 0.038758084 4 15 20 79
goalpost 0.03859275 34 315 184 480
goalpost 0.037161663 28 414 62 480
goalpost 0.036229447 37 14 68 84
goalpost 0.036211953 233 196 349 461
goalpost 0.035821658 530 0 640 209
goalpost 0.035447013 36 44 79 211
goalpost 0.03534774 358 326 551 480
goalpost 0.034924615 164 12 260 219
goalpost 0.03479692 440 351 609 480
goalpost 0.034500122 227 0 250 11
goalpost 0.033576205 145 2 220 210
goalpost 0.033020508 3 368 25 439
goalpost 0.031956688 242 289 319 389
goalpost 0.03050189 387 0 570 121
goalpost 0.030490119 72 0 252 118
goalpost 0.029637244 494 31 606 223
goalpost 0.029426772 33 279 172 480
goalpost 0.029406836 94 258 120 308
goalpost 0.029220566 239 94 427 327
goalpost 0.02878674 5 268 73 364
goalpost 0.028501593 320 0 487 371
goalpost 0.028349536 0 250 116 433
goalpost 0.028153671 60 9 163 211
goalpost 0.028127937 615 433 640 480
goalpost 0.027661683 0 333 128 480
goalpost 0.027487893 305 10 366 152
goalpost 0.027482083 289 6 329 38
goalpost 0.027378391 1 332 34 374
goalpost 0.027048083 517 112 640 451
goalpost 0.026982805 119 251 220 450
goalpost 0.026829893 243 190 302 287
goalpost 0.026625492 255 249 298 305
goalpost 0.026132917 171 3 195 97
goalpost 0.025723554 619 127 639 263
goalpost 0.02569543 64 435 96 480
goalpost 0.025408143 439 0 609 368
goalpost 0.025357319 80 189 185 471
goalpost 0.024395583 163 226 270 461
goalpost 0.024164457 0 105 132 385
goalpost 0.02412911 258 0 368 127
goalpost 0.023923261 0 371 76 480
goalpost 0.023162303 29 2 116 266
goalpost 0.02281944 547 3 578 21
goalpost 0.02230505 189 1 215 96
goalpost 0.022264736 0 65 21 196
goalpost 0.022124397 0 92 43 372
goalpost 0.021960562 0 199 15 303
goalpost 0.02184817 246 0 294 156
goalpost 0.021444807 137 0 283 312
goalpost 0.021312835 428 200 640 480
goalpost 0.020633608 605 356 640 480
goalpost 0.020542938 164 0 274 128
goalpost 0.02030136 615 0 640 136
goalpost 0.020295301 572 0 640 188
goalpost 0.020086847 571 6 614 31
goalpost 0.020044193 250 278 408 472
goalpost 0.019944208 63 62 214 278
