goalpost 0.33797726 552 10 626 193
goalpost 0.30975306 477 1 640 215
goalpost 0.29768464 529 21 604 212
goalpost 0.22217917 477 0 505 22
goalpost 0.20162141 591 19 640 197
goalpost 0.19359256 553 103 624 201
goalpost 0.17695831 496 15 563 198
goalpost 0.17043674 435 0 572 214
goalpost 0.1623651 475 9 523 193
goalpost 0.10174555 86 11 119 71
goalpost 0.10003301 595 118 639 229
goalpost 0.08554376 516 0 545 36
goalpost 0.08253676 561 0 640 231
goalpost 0.082273595 572 0 640 294
goalpost 0.07979311 542 8 589 61
goalpost 0.079543166 511 0 615 288
goalpost 0.07926767 464 0 490 17
goalpost 0.07802333 163 3 183 21
goalpost 0.07433726 523 241 549 359
goalpost 0.07241834 45 0 212 158
goalpost 0.0715739 125 308 160 361
goalpost 0.071279705 0 302 5 364
goalpost 0.068818726 0 3 18 60
goalpost 0.06711564 541 0 640 137
goalpost 0.06562466 357 2 375 17
goalpost 0.06509548 70 1 104 86
goalpost 0.064119205 285 4 309 31
goalpost 0.061919913 0 0 93 208
goalpost 0.06190071 565 19 616 82
goalpost 0.06144604 608 17 639 101
goalpost 0.061243884 135 1 157 19
goalpost 0.060901504 266 4 290 26
goalpost 0.05677337 618 228 640 397
goalpost 0.054599326 536 228 565 362
goalpost 0.053563133 386 5 404 26
goalpost 0.053184953 194 2 212 15
goalpost 0.049753655 325 1 346 17
goalpost 0.0493749 234 4 250 18
goalpost 0.049010005 476 64 640 326
goalpost 0.04744807 13 0 140 183
goalpost 0.047141686 91 5 117 31
goalpost 0.046334468 0 10 20 124
goalpost 0.044834424 69 2 102 37
goalpost 0.04016061 0 280 7 346
goalpost 0.039544437 252 2 412 224
goalpost 0.038655188 0 347 5 396
goalpost 0.03748626 162 357 193 392
goalpost 0.036408998 425 0 445 17
goalpost 0.035925325 0 36 24 267
goalpost 0.034975357 428 13 514 201
goalpost 0.034855325 502 0 557 87
goalpost 0.034324113 612 445 636 480
goalpost 0.030547392 93 0 252 128
goalpost 0.030313013 475 0 522 80
goalpost 0.029217126 130 13 157 70
goalpost 0.027985545 588 48 640 368
goalpost 0.027390687 163 407 188 480
goalpost 0.027279256 164 11 184 69
goalpost 0.025469476 267 0 297 70
goalpost 0.025325675 279 1 310 75
goalpost 0.024803568 576 348 640 480
goalpost 0.023882287 25 8 76 101
goalpost 0.023101103 232 0 326 207
goalpost 0.022570396 182 355 208 400
goalpost 0.022011755 168 287 191 335
goalpost 0.02199047 151 301 196 385
goalpost 0.021735322 543 0 640 127
goalpost 0.021697784 609 228 640 480
goalpost 0.021641213 562 175 613 241
goalpost 0.021551093 30 5 66 41
goalpost 0.020932173 474 28 588 348
goalpost 0.020255864 495 322 606 480
goalpost 0.019965945 112 0 206 211
goalpost 0.01975603 611 371 639 480
goalpost 0.01972682 529 166 623 463
goalpost 0.019460954 113 300 135 345
goalpost 0.019079713 0 26 194 245
goalpost 0.018833412 269 12 335 192
goalpost 0.01864448 131 395 162 480
goalpost 0.01853274 358 0 471 219
goalpost 0.017705282 55 0 154 260
goalpost 0.017598758 127 292 149 356
goalpost 0.017362056 303 19 362 207
goalpost 0.017264156 611 192 637 276
goalpost 0.017164454 497 69 639 362
goalpost 0.016950784 136 253 289 432
goalpost 0.016749956 570 8 640 130
goalpost 0.01668773 334 15 412 225
goalpost 0.01654976 143 372 160 418
goalpost 0.016384518 567 222 608 332
goalpost 0.016250165 71 32 140 160
goalpost 0.016220126 402 0 484 242
goalpost 0.016072027 77 16 257 225
goalpost 0.016061882 193 14 284 215
goalpost 0.016019357 90 217 182 480
goalpost 0.015952263 558 109 640 421
goalpost 0.015604048 581 127 640 473
goalpost 0.015489193 163 382 187 415
goalpost 0.014950442 192 423 220 480
goalpost 0.014880325 299 0 428 170
