goalpost 0.5078234 535 0 607 85
goalpost 0.22696294 539 0 636 97
goalpost 0.09817432 590 14 639 74
goalpost 0.094904624 550 0 622 80
goalpost 0.06518801 531 6 585 72
goalpost 0.06475871 582 0 640 95
goalpost 0.05962161 565 3 631 89
goalpost 0.056535985 0 243 15 419
goalpost 0.050800566 550 4 610 73
goalpost 0.04735121 541 16 594 85
goalpost 0.04638027 1 215 15 366
goalpost 0.045057274 605 17 640 72
goalpost 0.044738118 48 0 70 11
goalpost 0.04410582 525 7 592 97
goalpost 0.039913114 0 210 19 448
goalpost 0.038330466 64 0 83 9
goalpost 0.03762013 453 0 490 20
goalpost 0.03623167 597 2 633 86
goalpost 0.034635056 613 84 640 355
goalpost 0.03303895 0 177 15 327
goalpost 0.03257726 619 53 640 287
goalpost 0.032494217 32 0 57 14
goalpost 0.032470576 79 0 99 9
goalpost 0.03228813 441 0 475 17
goalpost 0.032228317 539 0 597 60
goalpost 0.03169103 623 80 640 251
goalpost 0.03168954 503 0 631 129
goalpost 0.030550709 509 0 578 93
goalpost 0.030332413 580 0 640 80
goalpost 0.029806515 48 0 64 33
goalpost 0.02863948 614 1 640 85
goalpost 0.028437654 81 0 95 30
goalpost 0.028109848 572 2 640 113
goalpost 0.027775634 527 0 605 115
goalpost 0.027662162 539 0 640 183
goalpost 0.027475355 99 0 272 401
goalpost 0.02727711 492 0 603 82
goalpost 0.027095478 594 2 640 80
goalpost 0.02631895 555 0 628 129
goalpost 0.025906684 24 0 168 85
goalpost 0.025288202 0 256 18 384
goalpost 0.024747046 467 0 504 22
goalpost 0.024599308 20 0 83 45
goalpost 0.024202028 65 0 79 30
goalpost 0.024064794 407 0 566 85
goalpost 0.024034768 93 0 114 10
goalpost 0.023759635 78 0 94 5
goalpost 0.023758551 0 297 16 461
goalpost 0.022881567 62 0 78 7
goalpost 0.022844123 50 0 112 43
goalpost 0.022753272 1 151 15 286
goalpost 0.022589518 612 40 640 253
goalpost 0.022525929 0 221 18 333
goalpost 0.022506867 374 395 406 480
goalpost 0.021915453 96 0 110 31
goalpost 0.021810269 93 0 110 6
goalpost 0.021531155 0 284 41 472
goalpost 0.02131266 0 0 113 105
goalpost 0.021260615 0 160 19 374
goalpost 0.02123736 426 0 458 14
goalpost 0.021004945 0 29 221 425
goalpost 0.020801883 103 200 214 432
goalpost 0.020597419 88 0 228 84
goalpost 0.020436617 625 46 640 171
goalpost 0.02024585 408 182 439 401
goalpost 0.019851366 361 396 393 480
goalpost 0.01966909 555 17 606 86
goalpost 0.019363757 85 259 152 353
goalpost 0.019278493 518 0 618 107
goalpost 0.019231562 550 0 640 128
goalpost 0.019167287 592 3 637 56
goalpost 0.019145856 543 8 598 115
goalpost 0.019115228 108 0 130 11
goalpost 0.019061979 382 218 433 357
goalpost 0.019030923 599 115 640 258
goalpost 0.018985989 377 299 405 480
goalpost 0.018936977 51 217 154 426
goalpost 0.018828243 64 62 313 433
goalpost 0.018797284 0 203 31 463
goalpost 0.018775381 401 202 445 369
goalpost 0.018744998 410 0 440 12
goalpost 0.01871273 0 189 17 291
goalpost 0.018606065 40 278 168 437
goalpost 0.018556688 0 52 16 210
goalpost 0.01851014 76 270 207 472
goalpost 0.018401962 281 0 313 15
goalpost 0.018339576 520 2 563 57
goalpost 0.018295672 109 0 126 7
goalpost 0.018240029 501 0 579 69
goalpost 0.018205551 70 248 138 343
goalpost 0.018199906 511 0 581 223
goalpost 0.018191535 575 0 640 249
goalpost 0.018034134 0 0 182 401
goalpost 0.01792489 545 0 640 107
goalpost 0.017835928 394 0 424 13
goalpost 0.01764686 0 292 19 417
goalpost 0.017475352 533 293 583 480
goalpost 0.017453978 381 344 401 480
goalpost 0.017387612 120 0 249 480
goalpost 0.017318483 204 0 276 44
