goalpost 0.24470921 609 5 640 281
goalpost 0.104750656 199 0 232 12
goalpost 0.1020825 0 1 21 22
goalpost 0.077201664 598 37 640 293
goalpost 0.07592452 606 8 638 50
goalpost 0.07401846 594 0 640 388
goalpost 0.0719916 615 61 640 340
goalpost 0.07194093 188 0 219 11
goalpost 0.07002492 614 4 640 53
goalpost 0.06815661 11 2 32 15
goalpost 0.066153415 608 5 631 29
goalpost 0.064408526 211 0 243 11
goalpost 0.060665574 1 9 13 58
goalpost 0.058544632 609 0 640 181
goalpost 0.055988833 603 0 635 234
goalpost 0.053862475 108 0 256 406
goalpost 0.051447336 610 11 640 64
goalpost 0.05087004 616 0 640 29
goalpost 0.049241822 0 11 15 41
goalpost 0.04833175 0 7 20 32
goalpost 0.045540053 607 14 640 208
goalpost 0.044227917 117 0 252 480
goalpost 0.042867776 0 17 14 68
goalpost 0.041983053 1 8 12 93
goalpost 0.040884815 361 217 389 438
goalpost 0.037774205 3 361 88 480
goalpost 0.037668023 11 4 29 19
goalpost 0.037210505 26 0 50 10
goalpost 0.036132786 0 423 26 471
goalpost 0.03569622 561 6 640 331
goalpost 0.035033662 109 0 135 5
goalpost 0.033687305 596 3 640 145
goalpost 0.033554744 580 0 640 442
goalpost 0.03322468 0 359 60 480
goalpost 0.032595653 173 0 201 9
goalpost 0.032417648 65 0 79 23
goalpost 0.03223165 197 0 233 20
goalpost 0.031359814 229 0 259 10
goalpost 0.03019072 8 428 38 471
goalpost 0.029734664 63 0 84 5
goalpost 0.02967894 68 179 106 258
goalpost 0.029151423 2 377 17 480
goalpost 0.029056929 46 0 67 6
goalpost 0.028879533 0 411 19 474
goalpost 0.028802982 95 0 119 4
goalpost 0.028787421 103 0 282 480
goalpost 0.028299727 0 16 13 131
goalpost 0.027440052 603 14 635 80
goalpost 0.027121319 605 0 640 110
goalpost 0.026596349 71 280 131 377
goalpost 0.026593935 78 0 101 4
goalpost 0.026144866 0 21 14 102
goalpost 0.025774073 111 0 129 31
goalpost 0.025694799 61 166 112 227
goalpost 0.025443358 49 0 63 24
goalpost 0.025306446 0 0 47 61
goalpost 0.025105422 83 144 122 220
goalpost 0.025022484 203 0 227 9
goalpost 0.024843104 618 134 640 384
goalpost 0.024804192 126 0 144 32
goalpost 0.024208589 122 0 148 6
goalpost 0.024168277 69 272 107 361
goalpost 0.024110999 80 0 95 28
goalpost 0.02365854 0 334 106 480
goalpost 0.023575084 49 178 98 239
goalpost 0.023490578 187 0 221 19
goalpost 0.023340914 512 0 640 480
goalpost 0.02294146 82 284 122 372
goalpost 0.022823242 606 98 640 394
goalpost 0.022791907 496 0 640 422
goalpost 0.022574378 360 264 390 396
goalpost 0.022366038 9 8 30 26
goalpost 0.022170931 593 0 624 19
goalpost 0.02200296 204 0 225 33
goalpost 0.021828007 597 0 640 94
goalpost 0.021718612 626 341 640 469
goalpost 0.021655852 365 236 386 411
goalpost 0.02127027 156 0 183 8
goalpost 0.021069236 70 199 106 287
goalpost 0.020866985 69 295 108 384
goalpost 0.020734416 62 0 79 2
goalpost 0.02071555 627 300 639 403
goalpost 0.02062918 624 192 640 363
goalpost 0.020381346 78 209 99 357
goalpost 0.020330267 186 8 218 59
goalpost 0.0202381 87 0 292 303
goalpost 0.020160293 137 0 165 7
goalpost 0.020084357 376 0 408 11
goalpost 0.020041853 361 0 393 10
goalpost 0.019957475 46 0 64 4
goalpost 0.019586084 59 0 348 480
goalpost 0.019551342 109 0 129 2
goalpost 0.01944534 0 338 17 447
goalpost 0.01930717 623 1 639 43
goalpost 0.019259535 339 66 492 457
goalpost 0.019208217 0 333 47 480
goalpost 0.019030757 79 241 124 366
goalpost 0.019022258 248 0 277 10
goalpost 0.018949334 6 0 219 363
goalpost 0.018873524 187 70 214 295
